100 100
3161 2996 3374 2950 3149 3195 3329 3053 3518 3051 3078 2899 3221 3088 2873 2904 2739 3257 2974 2857 2974 3155 3306 3052 3222 3060 3062 2886 3013 3185 3004 3094 2824 3123 3224 3094 3037 2918 3259 3052 3136 3070 3145 3077 3438 2996 3372 2986 2994 2846 3463 3328 2871 3244 3125 3110 3170 2986 3190 2810 3212 3051 2996 3141 2888 3154 3048 2980 3130 3118 2962 3128 2777 2846 2811 3183 3340 2924 2777 2904 3248 3255 3065 3332 3208 3233 3009 2901 3491 3161 3336 3035 3052 2931 3036 2891 2847 3027 3094 2958 
3061 2985 3169 2941 3219 3286 3167 3128 3461 3013 3052 2890 3433 3356 3017 2977 2856 3345 3200 2884 3190 3204 3293 3153 3260 3083 3021 2939 3210 3294 3152 3171 3049 3146 3379 3285 3101 2898 3389 3174 3385 3145 3310 3089 3303 3247 3246 3198 2941 2997 3327 3269 3094 3260 2994 3111 3228 3030 3333 2867 3450 3090 3044 3106 2953 3042 2963 3051 2976 3206 3323 3105 2801 2766 2953 3381 3324 3028 2585 3048 3167 3457 3150 3304 3296 3255 3293 3076 3527 3156 3382 2991 3015 3025 3397 2725 3000 3275 3010 3050 
2786 2916 3012 2634 2922 2868 2976 2738 3104 2698 2744 2663 2915 2945 2604 2708 2693 2976 2894 2723 2907 2866 2905 2806 2803 2963 2742 2774 2869 2917 2746 2755 2716 2848 3009 2961 2855 2748 3119 2771 2926 2811 2924 2841 3039 2872 2994 2822 2737 2696 3126 3076 2683 3019 2755 2967 2868 2824 2976 2538 3055 2971 2896 2792 2724 3018 2574 2724 2693 2974 2966 3021 2600 2611 2731 3081 2905 2905 2338 2618 2879 3154 2756 3069 2957 2992 2914 2762 3232 2926 2959 2790 2761 2527 2905 2488 2715 2972 2664 2790 
2894 3053 3130 2645 3048 3001 3064 2794 3212 2916 2837 2672 3139 3155 2828 2827 2791 3304 3057 2870 2929 3059 3107 2881 2991 2965 2838 2610 2873 2934 2922 2822 2851 2905 3088 2988 2959 2650 3156 3037 3080 2956 3012 2957 3285 3079 3034 3062 2786 2724 3237 3188 2874 2979 2831 3155 3042 2906 3101 2725 3218 2965 2875 2882 2879 2963 2854 2898 2908 3076 3049 2822 2458 2581 2746 3001 3097 2873 2510 2930 3036 3188 3093 3188 3010 3004 3178 2708 3411 2939 3229 2865 2922 2790 3064 2786 2743 3031 2923 2835 
2779 2698 2838 2721 2826 2911 2769 2656 3190 2715 2672 2441 2997 2987 2657 2652 2495 2952 2922 2709 2746 2858 2852 2926 2834 2663 2646 2466 2637 2796 2561 2617 2792 2893 2919 2946 2870 2586 2973 2815 2779 2708 2898 2611 2906 2723 2864 2709 2661 2650 2999 3060 2704 3037 2791 2842 2688 2785 2857 2497 3024 2811 2729 2587 2576 2817 2584 2610 2694 2962 2765 2683 2450 2579 2747 2910 2908 2879 2395 2722 2775 2990 2861 2919 3076 2843 2889 2507 3038 2774 3062 2622 2694 2498 2864 2484 2676 3009 2669 2800 
3051 3210 3411 3104 3250 3229 3363 2976 3610 3007 2996 2863 3396 3187 2895 2951 2848 3344 3299 2979 3159 3139 3309 3071 3186 3187 3097 2888 2982 3151 3174 2989 3048 3148 3244 3139 3149 3014 3231 3296 3225 3201 3317 3015 3303 2954 3243 2978 2964 2896 3588 3459 3132 3423 2993 3213 3287 3026 3357 2868 3423 3008 3173 3012 2952 3136 3054 2932 3232 3288 3042 3264 2871 2780 3041 3302 3482 2911 2599 3065 3049 3331 3090 3443 3257 3367 3170 2877 3410 3246 3466 2976 3107 2829 3299 2783 2976 3321 3024 3042 
3028 3107 3100 3119 3178 3287 3096 2961 3388 2956 2977 2643 3117 3297 2953 2906 2761 3294 3118 3055 2961 3084 3156 2932 3257 2999 2935 2646 2967 3118 3048 2864 2920 3152 3342 3250 2937 2853 3168 3043 3094 2814 3166 2840 3184 3030 3127 2928 3068 2708 3238 3321 2993 3218 2997 3016 3290 2951 3159 2872 3201 2998 3120 2939 2901 3033 2829 2941 3026 3201 3050 2930 2674 2708 2872 3111 3306 2962 2696 2902 3121 3217 2996 3315 3259 3164 3206 2741 3347 3048 3327 2820 3103 2924 3300 2707 2841 3212 3027 2992 
2979 3100 3241 2845 3108 3044 3140 2935 3411 2802 2866 2737 3212 3119 2899 2849 2630 3138 3216 2853 2903 3038 3220 2922 3242 2916 3011 2852 2969 2973 3050 2957 2817 3059 3087 3183 2975 2900 3194 3086 3059 3091 3214 2988 3239 2979 3177 3024 3022 2747 3243 3202 2975 3255 2931 3159 3056 2945 3270 2843 3283 3101 3003 2852 2883 3045 2908 2979 3217 3257 3028 3050 2709 2728 2924 3175 3172 2989 2528 2759 3114 3195 3120 3318 3112 3139 3107 2776 3265 3022 3207 2952 2983 2777 3199 2629 2840 3252 3071 2912 
2989 3004 3107 2918 3302 3090 3116 2907 3278 2951 2997 2676 3251 3111 2712 2981 2806 3186 3140 2959 3047 3083 3033 2994 3150 3083 2864 2904 3124 2984 2911 3009 2937 3053 3356 3169 3057 2884 3157 3129 3193 2926 3056 2888 3148 3011 3090 2983 2983 2918 3398 3271 2991 3225 2956 3070 3170 2828 3274 2744 3237 2930 3037 3007 2896 3118 2770 2893 2898 3121 3126 2912 2698 2733 2938 3230 3303 2958 2605 2938 3067 3337 2898 3321 3173 3250 3158 2904 3448 3240 3240 2839 2886 2796 3280 2707 2979 3175 2886 2970 
3173 3020 3292 2998 3328 3297 3241 3067 3464 3106 3121 2933 3406 3214 2921 2895 2984 3392 3038 3220 3273 3170 3221 3198 3327 3240 3138 2963 3118 3182 2977 3130 3116 3070 3289 3266 3183 2832 3219 3109 3339 3260 3313 3187 3358 3175 3412 3116 3131 3014 3323 3254 2996 3301 3106 3195 3230 2990 3330 2804 3323 3169 3081 3041 2916 3075 3090 3096 3132 3284 3316 3204 2843 2871 2949 3376 3409 3197 2709 3081 3464 3496 3150 3435 3283 3353 3243 2918 3506 3198 3491 3106 3154 2914 3127 2768 3222 3313 3275 3129 
3309 3356 3487 3235 3419 3367 3564 3144 3715 3165 3170 2824 3511 3457 3144 3123 3003 3554 3441 3090 3280 3395 3453 3342 3494 3177 3339 3094 3074 3336 3194 3139 3224 3342 3385 3365 3446 2969 3462 3439 3481 3263 3299 3368 3590 3236 3420 3034 3142 3032 3493 3612 3329 3450 3224 3245 3316 3262 3429 2956 3713 3287 3173 3100 3033 3293 3164 3366 3288 3485 3405 3227 3011 2988 3378 3492 3546 3212 2974 3143 3366 3293 3303 3505 3396 3578 3250 2917 3611 3371 3681 3074 3298 2891 3349 2918 3142 3472 3247 3230 
2734 2959 3064 2774 2933 2947 2990 2817 3203 2863 2871 2542 3043 3106 2575 2701 2581 3039 3000 2747 2831 2927 2836 2907 2905 2930 2946 2761 2819 2882 2751 2783 2683 2836 2986 2928 2983 2654 3010 3014 2954 2904 2840 2789 2894 2846 3151 2706 2755 2811 3142 3214 2897 2921 2917 2976 3163 2867 3167 2683 3083 2775 2838 2681 2806 2838 2742 2767 2767 3026 2941 2956 2561 2498 2866 2977 3076 2771 2469 2822 2802 2997 2796 3127 3038 2941 2948 2472 3214 3012 3056 2867 2984 2767 2937 2473 2736 2964 2784 2851 
3001 3188 3280 2881 3259 3306 3318 3141 3462 3003 3024 2704 3413 3256 2903 2899 2902 3305 3292 3148 3267 3034 3271 3135 3040 3139 2950 2983 3065 3293 3049 3138 3018 3136 3277 3393 3146 2878 3283 3219 3203 3160 3193 3036 3295 3126 3228 3076 2964 2956 3367 3288 3013 3311 3143 3209 3204 2996 3246 2763 3392 2982 3187 3098 2855 3201 3041 3077 3040 3126 3185 3017 2809 2792 3074 3139 3314 3176 2661 2977 3259 3481 3117 3356 3371 3394 3227 2913 3461 3319 3352 3040 3086 2988 3240 2678 2987 3211 3036 3046 
3008 3009 3156 2798 3206 3279 2950 2804 3237 2919 2942 2873 3177 3118 2964 2907 2749 3139 2997 2998 3025 3067 3051 3018 3135 3137 2756 2787 2880 3021 3024 2891 2885 3030 3183 3229 3030 2798 2973 3001 3157 3049 3081 3004 3135 3028 3114 2934 2984 2871 3158 2971 2930 3181 2809 3228 3091 2931 3425 2747 3127 3016 2867 2882 2800 2953 2964 2868 2881 3113 3043 2964 2797 2760 2854 3199 3269 2886 2527 2831 3184 3412 3089 3244 3199 3224 3198 2561 3275 3013 3190 2889 3177 2901 3138 2637 2919 3091 3004 3030 
3001 3070 3094 2832 2960 3054 3090 2922 3281 2735 2885 2492 3134 2961 2587 2667 2544 2980 2982 2783 2915 2907 2962 2926 2899 2878 2761 2703 2812 2825 2787 2785 2681 2981 3189 2973 2872 2735 3013 2998 2964 2862 2956 3014 2953 2865 3077 2799 2814 2775 3238 3112 2845 3045 2792 2964 3177 2734 3194 2741 3132 2863 2790 2820 2748 2973 2865 2808 2914 3079 2932 2883 2721 2561 2762 3085 3107 2676 2455 2719 2856 3126 2768 3101 3006 3096 3028 2679 3148 3013 3201 2683 2988 2741 2929 2527 2669 3169 2847 2898 
3155 3044 3234 2985 3227 3171 3238 2831 3319 2822 2957 2723 3325 3267 2850 2801 2959 3286 3152 2980 3180 3042 3105 2840 3199 3222 2990 2851 3154 3110 2946 2968 3108 3035 3315 3200 3014 2913 3267 3265 3141 2984 3118 2934 3189 3069 3209 3173 3112 2755 3323 3270 3121 3193 2933 3231 3232 3098 3234 2876 3292 2891 3079 2947 3092 3041 2875 3039 3047 3155 3041 2932 2672 2806 2830 3286 3303 2922 2579 2869 3235 3341 2954 3181 3243 3367 3228 2934 3414 3132 3289 3000 3054 2989 3201 2679 2938 3156 3109 2939 
3245 3233 3405 3112 3228 3273 3291 3080 3517 3122 3241 2790 3372 3363 3034 3083 2922 3437 3195 3084 3214 3042 3392 3143 3337 3335 3165 2992 3153 3316 3236 3070 2987 3314 3465 3314 3146 2984 3374 3306 3189 3248 3115 3024 3408 3235 3306 3032 3145 2955 3275 3354 3163 3374 3052 3222 3371 3070 3341 2924 3495 3151 3172 3065 3043 3080 3031 3156 3025 3532 3190 3180 2856 2851 3036 3213 3399 3102 2788 3168 3297 3380 3253 3524 3345 3362 3363 3003 3638 3258 3591 3090 3200 3007 3389 2971 2990 3308 3139 3272 
3104 3024 3347 2793 3308 3122 3408 2959 3461 2910 2943 2851 3288 3336 2929 3073 2879 3436 3110 3109 3148 3153 3353 3063 3143 3299 3196 3110 3140 3202 3079 3050 3119 3278 3219 3171 3054 2926 3444 3141 3324 3007 3160 2919 3304 3108 3166 3049 3092 2915 3368 3285 3073 3215 3081 3233 3386 3006 3261 2829 3399 3119 3143 3136 3027 3136 2941 3140 3004 3387 3206 3060 2741 2973 2968 3363 3375 3054 2615 3082 3169 3312 3250 3370 3186 3315 3119 2975 3618 3267 3491 2983 3122 2952 3334 2925 3014 3292 3047 3163 
3038 3163 3232 2968 3240 3311 3166 2873 3355 2861 3096 2838 3210 3277 2918 3085 2908 3147 3229 2890 3052 2973 3397 2919 3090 3108 3101 2942 3035 3108 3185 3026 3050 3064 3457 3362 3155 2894 3321 3172 3168 3141 3247 2853 3207 3276 3266 2969 3168 2899 3378 3255 3112 3248 3005 3124 3366 3069 3467 2790 3213 3074 3092 3039 2914 2967 2911 3007 3024 3281 3129 3114 2668 2729 2945 3253 3394 2940 2488 2860 3171 3200 3047 3366 3340 3208 3054 2824 3520 3117 3419 2926 3119 2887 3307 2689 3013 3074 3082 3111 
2523 2637 2624 2400 2688 2755 2688 2504 2767 2622 2585 2211 2832 2864 2565 2636 2442 2781 2902 2539 2717 2762 2791 2650 2734 2671 2522 2397 2557 2668 2485 2481 2668 2735 2743 2785 2704 2414 2737 2614 2825 2572 2608 2491 2711 2611 2665 2645 2468 2343 2787 2772 2709 2638 2568 2743 2653 2691 2760 2270 2887 2475 2556 2521 2434 2527 2473 2544 2561 2766 2727 2437 2347 2310 2564 2623 2704 2679 2172 2617 2581 2733 2740 2783 2935 2742 2619 2574 2853 2630 2871 2401 2514 2503 2843 2278 2563 2677 2493 2592 
2829 2662 2986 2782 2872 2757 2836 2639 3216 2591 2555 2485 2971 2840 2749 2731 2412 2968 2700 2505 2611 2714 3004 2669 2887 2794 2697 2511 2761 2747 2634 2694 2704 2630 2971 2906 2848 2501 2887 2971 2846 2702 2901 2705 2997 2742 2893 2685 2749 2619 2987 2848 2729 2848 2767 2757 2963 2524 2972 2490 2870 2714 2725 2479 2566 2709 2711 2762 2944 2922 2637 2730 2340 2389 2824 2920 2882 2607 2201 2719 2886 2846 2774 3042 2797 2886 2789 2467 3087 2806 3016 2740 2734 2614 2645 2426 2678 2782 2869 2934 
2748 2832 2893 2551 2959 2758 2692 2572 3045 2626 2614 2396 2935 2770 2454 2589 2465 2972 2853 2501 2711 2794 2774 2625 2826 2720 2705 2686 2604 2669 2680 2588 2625 2993 2862 2846 2813 2643 2881 2945 2773 2816 2706 2613 2941 2679 2730 2590 2584 2633 2919 2802 2692 2787 2584 2875 2982 2591 2874 2755 2999 2569 2718 2608 2497 2754 2618 2685 2746 2936 2764 2780 2628 2413 2589 2792 2824 2601 2397 2584 2707 3002 2653 2889 2751 2879 2734 2426 3111 2878 3022 2591 2797 2619 2935 2457 2590 2812 2700 2818 
2620 2783 2808 2577 2919 2842 2833 2594 3012 2627 2647 2500 2899 2779 2574 2557 2591 2769 3004 2437 2654 2837 2825 2754 2796 2808 2629 2384 2758 2843 2688 2664 2465 2804 2870 2910 2702 2566 2941 2638 2983 2886 2976 2643 2894 2682 2808 2833 2659 2535 2967 2904 2700 2905 2618 2883 2798 2640 3020 2542 2900 2707 2647 2566 2477 2605 2664 2546 2686 2865 2930 2708 2576 2359 2624 2864 2861 2591 2328 2642 2647 3051 2766 2932 2905 2940 2750 2488 2842 2660 2892 2636 2732 2570 2884 2238 2476 2787 2679 2699 
3032 3011 3184 2930 3135 3214 3097 3014 3418 2902 2931 2738 3132 3156 2852 2877 2692 3310 3156 2891 2994 3161 3170 3043 3138 3030 2830 2714 2955 2980 2998 2885 2871 2973 3339 3202 3073 2981 3247 3171 3220 3016 3117 2969 3361 2946 3116 2919 2899 2924 3344 3197 2817 3138 2977 3115 3058 2788 3088 2717 3253 2935 3009 2832 2796 3123 2938 2914 2931 3173 3129 2881 2770 2621 2922 3150 3175 3002 2641 2867 3122 3338 3053 3240 3092 3232 3116 2706 3405 3170 3294 2863 3029 2783 3255 2571 2791 3095 2937 3058 
3130 3188 3168 2946 3364 3250 3331 3010 3467 2937 3009 2775 3392 3268 2955 2900 2783 3288 3252 3004 3091 3200 3282 3034 3184 3058 3061 2768 2987 3098 3131 3061 3016 3148 3382 3134 2990 3023 3101 3090 3174 3150 3356 3128 3329 3215 3264 3156 3245 2923 3576 3367 3008 3283 3026 3133 3250 3014 3305 2935 3310 3142 3073 3025 2985 3104 3062 3058 3141 3435 3177 3073 2789 2819 2906 3375 3370 3022 2633 2969 3233 3400 3126 3472 3137 3190 3364 3000 3445 3243 3394 2913 3098 2837 3135 2761 2931 3169 3207 3131 
2933 3057 3133 2839 3200 2994 3111 2703 3252 2706 3057 2623 3181 2948 2763 2754 2725 3125 3058 2799 2846 2940 3116 2826 3078 2921 2924 2669 2864 2943 2781 2909 2770 2906 3232 3144 2948 2778 3102 3016 3031 2934 2955 2778 3230 2857 3030 2849 3017 2725 3209 3105 2758 3260 2796 2946 3033 2831 3070 2668 3032 2851 2763 2683 2970 2884 2740 2856 3013 3073 2877 2820 2471 2525 2879 3050 3213 2816 2538 2738 3011 3240 2900 3292 3135 3241 2899 2665 3239 2960 3177 2727 3042 2735 3062 2506 2668 3075 3040 3000 
2867 2840 2981 2801 2939 2906 2892 2821 3184 2798 2741 2651 3172 3040 2616 2767 2668 3014 2863 2817 2883 2915 3032 2661 2945 2944 2639 2717 3004 2943 3008 2858 2812 2949 3252 3116 2855 2882 2982 3007 2830 2890 3064 2766 3031 3004 2980 2849 2893 2724 3127 3048 2958 3057 2796 2960 2868 2895 3152 2645 3047 2812 2927 2828 2767 2901 2854 2775 2722 3080 3043 2893 2508 2682 2745 3195 3097 2727 2542 2837 2901 3209 2833 3108 2959 3111 3064 2704 3114 3084 3125 2841 2847 2694 3084 2529 2806 2864 2869 2787 
3174 3108 3208 2828 3308 3122 3287 2932 3504 2838 2893 2783 3309 3101 2936 2774 2845 3133 3207 2955 3008 3059 3100 3038 3091 3094 2930 2749 2919 3107 2976 3001 3046 3102 3265 3278 3110 2777 3277 3091 3118 2998 3295 3084 3213 2863 3222 2996 2894 2964 3366 3154 2991 3333 2889 3088 3208 2806 3240 2760 3375 3145 3001 3046 2811 3084 2897 3030 2989 3244 3000 3017 2882 2719 2832 3398 3145 2974 2475 2898 3228 3409 2896 3305 3286 3239 3113 2927 3416 3131 3425 2797 3111 2958 2983 2689 2784 3151 3161 2968 
3102 2955 3297 2862 3173 3068 3069 2885 3398 2913 2968 2840 3262 3208 2688 2774 2652 3263 2956 3023 3064 2952 3078 2915 3083 3184 3078 2906 2824 2854 2791 2944 2931 3029 3187 3089 3023 2786 3225 3082 3090 2998 2843 2924 3220 3016 3192 3019 2853 2929 3309 3178 2971 3097 2996 3305 3152 2921 3172 2809 3114 2747 2787 2819 2877 2919 2767 3001 2921 3111 3058 2963 2696 2686 2785 3237 3239 3012 2634 2981 3181 3255 2912 3266 3211 3155 3062 2863 3549 3103 3313 3021 3194 2905 3049 2756 3026 3053 2958 2947 
3159 3201 3503 3209 3520 3694 3439 3165 3715 3446 3274 3025 3611 3482 3230 3168 3096 3438 3507 3263 3476 3457 3633 3273 3553 3233 3118 3053 3349 3382 3381 3157 3250 3288 3650 3571 3274 3154 3585 3349 3582 3294 3486 3203 3598 3464 3461 3235 3289 3061 3590 3565 3304 3405 3336 3325 3602 3332 3387 3088 3664 3257 3319 3317 3200 3323 3152 3294 3266 3555 3343 3185 2964 2903 3367 3444 3649 3312 2833 3255 3501 3607 3416 3661 3565 3494 3534 2995 3715 3351 3800 3290 3338 3228 3570 2915 3107 3437 3378 3398 
2784 2963 3077 2820 2988 3090 3040 2869 3342 2826 2877 2574 3131 3218 2781 2947 2676 3082 3179 2979 3113 2990 3016 2822 2810 3041 2910 2817 2849 2944 3046 2930 2799 2948 3025 2961 2711 2749 3221 3039 3144 2954 2981 2877 3124 2998 3087 2914 2924 2713 3204 3211 2947 3122 2925 3103 2978 2955 3093 2779 3324 2855 2985 2908 2844 2868 2671 2826 2897 3013 2999 2977 2744 2665 2764 3171 3089 3015 2455 2816 2896 3086 3034 3186 3213 3125 2961 2887 3189 2991 3172 2967 2921 2854 3228 2653 2872 3141 2710 2955 
2768 2714 2875 2591 2893 2745 2879 2654 3108 2555 2674 2413 2780 2791 2534 2473 2390 2987 2734 2544 2542 2546 2736 2697 2788 2612 2574 2513 2529 2738 2700 2743 2450 2885 2887 2784 2701 2488 2731 2788 2602 2642 2649 2715 2839 2627 2975 2584 2548 2579 2990 2992 2524 2723 2714 2724 2721 2654 2857 2606 2917 2625 2684 2727 2505 2837 2538 2562 2694 2806 2710 2583 2420 2285 2499 2915 2904 2724 2355 2522 2790 2837 2646 2896 2774 2917 2804 2417 2943 3048 2845 2706 2782 2368 2745 2353 2587 2686 2635 2475 
3014 3047 2996 2835 3096 2830 2929 2851 3161 2603 2846 2568 3031 2929 2736 2577 2590 2953 2893 2642 2849 2974 2930 2870 2931 2698 2750 2530 2709 2909 2704 2782 2622 2777 3112 3027 2749 2785 2937 2983 2829 2729 2959 2806 2773 2713 2945 2846 2828 2555 3146 3151 2765 3236 2780 2873 2863 2592 2923 2514 3151 2806 2728 2645 2927 2920 2667 2853 2717 2938 2860 2811 2448 2444 2682 2916 3085 2762 2369 2676 3002 3099 2599 3060 2975 3054 2924 2610 3193 2943 2949 2775 2901 2482 2896 2469 2568 2813 2867 2735 
2998 3186 3377 3023 3249 3243 3326 2961 3639 3082 3080 2891 3379 3207 3018 3145 2862 3314 3222 3028 3091 3098 3293 3111 3155 3125 3159 2822 3055 3191 3259 3111 3093 3139 3305 3242 3197 3034 3360 3222 3126 3311 3281 3112 3425 3141 3340 3092 3109 3090 3579 3260 3085 3275 3028 3077 3312 2960 3372 2988 3368 3080 3175 3067 2913 3112 2978 2916 3167 3317 3223 3100 2935 2798 3010 3412 3298 3030 2528 2972 3131 3521 3341 3480 3347 3291 3315 2833 3512 3256 3343 2969 2998 2878 3317 2798 2979 3315 3079 3211 
3031 3192 3381 3185 3333 3430 3279 3039 3674 3261 3140 2879 3301 3231 3065 3224 2926 3445 3285 3257 3228 3101 3349 3204 3402 3192 3174 2896 3029 3221 3110 3023 3106 3452 3362 3413 3291 3070 3416 3142 3313 3263 3198 3011 3460 3246 3368 3027 3103 2942 3478 3496 3116 3321 3099 3241 3382 3132 3322 3004 3412 3120 3371 3139 2945 3073 3103 3135 3212 3215 3147 3365 2870 2851 3164 3323 3535 3275 2692 3185 3264 3412 3301 3530 3238 3410 3325 2929 3676 3362 3523 3118 3177 2841 3431 2887 3210 3308 3141 3178 
2990 3040 3293 3079 3051 3269 3154 3134 3590 2944 2937 2926 3256 3209 3009 2868 2566 3230 3230 2890 3121 3081 3189 3170 3247 3053 3002 2799 2954 3004 3078 2967 3055 3091 3334 3197 3088 2872 3316 3124 3204 3125 3117 3029 3285 3108 3311 2966 3016 3019 3453 3318 2826 3296 2983 3232 3152 3014 3165 2819 3337 3075 2886 2879 2949 3127 2860 3008 3119 3270 3129 3182 2867 2666 2897 3367 3242 3140 2728 2799 3173 3398 3099 3357 3212 3159 3105 2845 3303 3172 3548 2870 3154 2720 2981 2755 2981 3268 3007 2971 
3068 3018 3183 2913 3194 3174 3170 2940 3390 2871 2996 2793 3196 3105 3001 2805 2607 3011 3073 2855 2978 2909 3081 3002 3092 3028 2899 2762 2911 3188 3003 2968 2719 2918 3121 3281 3054 2777 3044 2966 3040 3025 3211 3032 3341 3146 3240 2937 3071 2855 3513 3264 2887 3180 2969 3058 3053 2961 3327 2774 3234 3070 3025 3048 2799 3072 2902 2893 3003 3075 3057 2938 2748 2733 2737 3270 3293 3075 2503 2987 3182 3256 2940 3241 3151 3105 3061 2982 3333 3297 3228 3043 2996 2774 3036 2786 2962 3031 3026 2757 
3007 3031 3313 2914 3205 3150 3094 2887 3263 2999 3102 2808 3171 3333 2930 2899 2833 3051 3231 2974 3172 3191 3210 3026 3190 3171 2900 2918 3026 3127 3035 2976 2954 3012 3157 3210 3030 2963 3157 3142 3349 3221 3080 3007 3319 3050 3160 2894 3063 2898 3311 3277 2951 3231 2914 3235 3289 3074 3152 2876 3329 2957 3070 2909 3007 2950 2932 3027 2975 3220 3011 3157 2841 2752 2877 3184 3311 2849 2648 2836 3251 3263 3006 3321 3280 3247 3240 2828 3451 3132 3504 2810 3275 2920 3232 2783 2884 3261 3172 3022 
2807 2899 2976 2838 2934 2871 2946 2585 3125 2820 2840 2550 2916 2859 2638 2888 2636 3078 3016 2796 2846 2905 2869 2850 3078 2860 2688 2513 2710 2914 2858 2674 2844 2986 3034 3055 2774 2821 3002 2867 2915 2896 2992 2917 2970 2824 3035 2784 2889 2797 3031 3073 2817 2910 2631 2967 2919 2801 3159 2742 3091 2898 2740 2861 2556 2869 2793 2680 2777 3076 2992 2849 2569 2543 2766 3085 3022 2677 2403 2715 2846 3080 2932 3119 3063 3072 3049 2593 3096 2914 3198 2650 2886 2592 3087 2465 2781 2967 2863 2729 
2791 2768 2939 2600 2748 2739 2844 2574 2952 2621 2721 2354 2938 2814 2483 2602 2439 2866 2846 2622 2679 2687 2901 2727 2722 2685 2776 2609 2593 2720 2623 2561 2693 2815 2732 2797 2571 2587 2768 2854 2771 2581 2659 2704 3002 2737 2639 2543 2576 2562 3082 2924 2592 2970 2590 2730 2727 2762 2873 2619 3043 2451 2705 2684 2622 2736 2570 2536 2770 2798 2666 2599 2395 2578 2648 2638 2948 2596 2394 2703 2669 2667 2597 2993 2822 2871 2586 2578 3015 2712 2954 2577 2505 2551 2778 2529 2406 2824 2521 2680 
3061 3140 3143 2819 3401 3197 3257 2991 3516 2976 3040 2881 3049 3144 2873 2958 2835 3287 3294 3052 3005 3148 3215 3027 3171 3152 2984 2814 3024 3055 2975 3089 3166 3093 3368 3271 3216 3034 3457 2910 3403 3187 3091 3059 3361 3164 3348 3105 3149 3023 3427 3288 2915 3314 2930 3188 3311 2968 3197 2795 3287 3225 3056 3005 2881 3265 2892 2948 2885 3299 3263 3189 2780 2638 3010 3326 3126 3117 2615 2900 3063 3552 3062 3349 3225 3327 3312 2787 3421 3129 3431 2797 3051 2863 3151 2619 2927 3292 3200 3097 
2762 2805 2890 2659 3049 2954 3033 2727 3111 2748 2762 2564 2960 3018 2509 2639 2571 3111 2902 2670 2908 2844 3032 2806 2830 2860 2835 2731 2817 2843 2769 2886 2737 2823 3070 2912 2770 2552 2994 2885 2953 2928 3010 2776 2910 2950 3026 2751 2867 2642 3236 3059 2794 2950 2765 2863 3011 2710 3102 2654 3011 2828 2829 2629 2742 2688 2721 2788 2957 2996 2915 2980 2665 2468 2719 3164 3127 2742 2317 2752 2898 2948 2900 3124 2927 3033 2874 2609 3117 3009 3007 2794 2835 2601 2937 2472 2841 3033 2893 2747 
2801 2760 3008 2705 2924 2821 2930 2630 3073 2806 2734 2348 2924 2916 2585 2597 2552 2878 2920 2911 2844 2839 2946 2893 2777 2895 2651 2644 2719 2810 2897 2694 2739 2982 2899 2935 2676 2730 2910 2817 2981 2892 2754 2686 2985 2747 2912 2795 2747 2566 3090 3012 2786 2949 2669 2915 2844 2703 2979 2521 3101 2638 2841 2816 2578 2781 2709 2823 2855 2835 2690 2709 2403 2351 2705 2845 3011 2835 2433 2789 2882 2965 2830 3227 2869 2956 2901 2671 2995 2851 3119 2659 2778 2630 2879 2558 2601 2862 2860 2736 
2864 2826 2986 2716 2924 2966 3071 2727 3005 2742 2734 2585 2942 3033 2710 2612 2458 3108 2831 2845 2814 2677 2906 2928 2900 2766 2708 2674 2667 2908 2815 2731 2764 2697 2907 3025 2812 2714 2959 2837 3041 2932 2883 2707 3014 2853 2839 2710 2733 2835 2985 3103 2540 2998 2572 2827 2799 2693 2983 2480 2973 2777 2843 2725 2692 2951 2593 2595 2909 2953 2898 2820 2298 2523 2752 2852 3002 2939 2359 2724 2892 2972 2717 3212 2985 2959 2868 2569 3005 2820 2938 2643 2784 2489 2792 2517 2729 2998 2759 2859 
2996 2978 3233 3097 3355 3221 3143 2828 3410 2940 3053 2856 3255 3210 2979 2970 2886 3065 3108 3067 3088 3107 3340 2906 3255 3108 2988 2700 3038 3106 3051 3053 2965 2914 3409 3268 2959 2802 3424 3189 3333 3028 3234 2927 3188 2947 3200 3023 2952 2711 3278 3273 3038 3478 2918 3071 3101 2848 3195 2719 3296 3085 3047 2921 3006 2919 2962 2988 3035 3189 2909 3138 2732 2716 2930 3329 3275 3036 2536 3070 3239 3250 2951 3244 3210 3311 3076 2945 3475 3068 3435 2966 3098 2852 3305 2714 2913 3125 3160 2987 
2934 2956 3093 2958 3123 3149 3126 2982 3216 2910 2774 2631 3132 2971 2806 2646 2548 3057 3074 2889 3147 2978 3024 2912 3009 2996 2902 2892 2897 2944 3068 2814 2820 2898 2939 3078 2764 2742 2918 3047 3006 3044 3134 2859 3153 2962 2983 2904 2995 2875 3320 3117 2904 3211 2761 3033 3056 2776 3059 2717 3234 2909 2976 3018 2781 2992 2711 2953 2914 3052 2940 3022 2738 2686 2662 3022 3208 2892 2539 2766 3096 3304 2907 3363 3014 3151 2970 2810 3171 3018 3129 2942 3047 2727 3187 2684 2847 3160 3009 2956 
3525 3462 3675 3393 3676 3514 3763 3420 3790 3303 3253 3021 3901 3707 3435 3269 3080 3657 3543 3294 3446 3473 3622 3566 3675 3584 3574 3334 3290 3518 3436 3262 3539 3458 3527 3723 3519 3300 3624 3513 3528 3376 3597 3414 3718 3493 3511 3428 3322 3352 3792 3712 3420 3806 3399 3500 3632 3245 3774 3203 3743 3389 3330 3404 3348 3500 3260 3415 3539 3722 3446 3276 3182 3127 3453 3481 3680 3438 2827 3539 3726 3543 3471 3733 3653 3735 3529 3201 3858 3537 3806 3319 3365 3178 3551 3055 3401 3541 3500 3592 
2788 2830 3206 2854 2997 3186 3239 2962 3379 2943 2921 2634 3353 3125 2844 2915 2825 3163 3202 2893 3128 2962 3068 3044 3202 3003 3081 2888 2927 3101 3026 2871 2795 3099 3063 3167 2932 2786 3090 2927 3056 3110 3152 2826 3324 3125 3127 2900 2956 2866 3226 3393 3074 3087 3096 2862 3052 3135 3120 2824 3401 3061 2991 3113 2637 3005 2848 2940 2959 3110 3046 2916 2663 2724 2839 3048 3300 3033 2673 3074 3084 3066 3053 3304 3226 3119 3036 2760 3267 3160 3215 2998 2926 2736 3151 2546 2914 2978 2925 2926 
3173 2991 3147 3066 3224 3254 3248 2919 3419 3104 3063 2733 3067 3180 2885 2857 2840 3274 3096 3275 3215 3048 3054 3053 3222 3094 2854 2929 2925 3062 3093 2943 3035 3200 3258 3260 2923 2800 3249 3195 3227 3012 2969 3093 3110 3070 3272 2878 2885 2785 3220 3062 2958 3228 2965 3221 3115 2952 3222 2772 3464 2889 3007 2994 2885 2986 2755 3065 2995 3247 3095 3108 2724 2836 2921 3221 3385 3104 2755 2969 3191 3289 2994 3359 3228 3359 3119 2918 3377 3051 3568 2960 3145 2879 3267 2747 2970 3347 3084 3000 
2952 2856 2947 2765 2944 3036 2994 2785 3138 2768 2764 2560 2947 2966 2826 2712 2552 2965 2985 2905 2748 2925 3012 2806 2964 2845 2850 2520 2723 2884 2883 2960 2828 2941 3075 3053 2868 2638 2874 2782 2936 2824 2825 2911 3084 2871 2908 3106 2649 2717 3167 2940 2886 3075 2522 2835 2858 2651 3068 2648 2969 2739 2904 2730 2791 2797 2902 2828 2838 2948 2938 2906 2690 2669 2606 3035 2832 2925 2474 2795 2848 3128 2958 3104 2874 3105 3006 2724 3058 2917 3087 2658 2813 2692 2858 2587 2741 2961 2870 2632 
3020 2968 3408 2997 3220 3272 3261 2801 3567 2960 3051 2729 3305 3132 2863 2813 2851 3162 3094 3036 3015 3006 3185 3020 3204 2956 3034 2846 2910 3125 3072 3062 2900 2937 3158 3174 3097 2799 3360 3150 3202 2964 3070 2861 3112 2830 3235 2964 2984 2869 3188 3217 3034 3310 2857 3067 3285 2912 3231 2730 3240 3041 2989 3007 2893 3068 2941 3099 2987 3115 2889 3001 2661 2646 2890 3268 3327 2971 2685 2925 3091 3276 3019 3183 3235 3310 2996 2763 3320 3072 3368 2842 3239 2902 3148 2734 2800 3118 3114 3074 
3015 3111 3450 2976 3179 3379 3304 2851 3444 3017 3011 2985 3408 3303 3154 3106 2865 3300 3052 2958 3107 3178 3417 3176 3209 3142 3009 2963 3059 3218 3218 3109 3195 3080 3357 3347 3244 2935 3195 3190 3352 3191 3217 3161 3291 3154 3175 3091 3033 2880 3349 3144 3022 3324 2947 3252 3183 3018 3374 2838 3346 3133 3052 2980 2982 3125 2984 2932 3136 3299 3271 3014 2855 2940 2901 3176 3384 3078 2596 3069 3255 3413 3259 3299 3299 3502 3190 2975 3493 3162 3581 2987 3233 2848 3082 2850 3019 3130 3056 3029 
3130 3238 3451 3012 3212 3391 3353 3145 3525 3298 3149 2860 3394 3440 2979 3064 2985 3343 3257 3272 3406 3195 3325 3240 3394 3436 3074 3077 3274 3167 3293 3024 2999 3318 3532 3374 3132 3160 3367 3122 3386 3212 3331 3068 3416 3312 3374 3233 3125 2946 3436 3361 3164 3367 3073 3451 3421 3167 3377 2934 3347 3243 3223 3207 3054 3235 3166 3132 3163 3383 3269 3279 2984 2826 3022 3350 3396 3163 2791 3152 3323 3455 3252 3552 3363 3428 3453 3039 3520 3261 3519 3185 3328 3170 3398 2913 3076 3182 3197 3221 
2795 2774 2934 2706 2847 2848 2924 2775 3019 2614 2876 2369 3004 2876 2665 2606 2470 2928 2914 2475 2836 2701 2855 2845 2776 2819 2749 2578 2837 2949 2854 2664 2671 2750 2948 3049 2844 2707 2944 2919 2950 2818 2969 2618 3010 2866 2889 2564 2706 2756 2918 2966 2729 2965 2755 2710 2875 2771 3066 2543 3136 2795 2741 2680 2607 2880 2672 2777 2748 3021 2988 2750 2507 2426 2715 2934 3000 2727 2408 2701 2809 2904 2740 3022 3024 2885 2716 2660 3005 2829 3041 2633 2612 2532 3009 2480 2651 2942 2819 2757 
2799 2735 3004 2762 2946 2745 2925 2662 3062 2771 2850 2466 2950 3017 2609 2535 2696 2919 2876 2645 2727 2709 2765 2739 2891 2795 2817 2548 2857 2974 2848 2829 2778 2729 2988 3000 2868 2527 3019 2770 2791 2842 2913 2704 2827 2830 2935 2791 2736 2642 3011 2908 2732 2999 2654 2770 2972 2648 2913 2572 2961 2859 2766 2749 2651 2749 2584 2648 2849 3091 2800 2789 2562 2471 2625 2956 2945 2707 2393 2733 2865 2973 2823 3026 3026 3072 2877 2693 3063 2759 3080 2854 2602 2539 2940 2523 2719 2838 2844 2631 
2748 2941 2950 2788 3079 2963 3057 2919 3390 2796 2816 2588 2995 3065 2626 2682 2558 3080 3050 2809 2899 2894 3040 2873 3004 2955 2938 2742 2910 2829 2813 2855 2687 3001 3096 2983 2822 2826 3063 2905 3033 2861 2910 2851 3005 2922 3107 2736 2954 2826 3353 3063 2842 3127 3024 3047 3051 2892 2983 2771 3184 2829 2923 2886 2757 2906 2675 2813 2920 2974 2837 2913 2582 2537 2809 2965 3310 2832 2472 2798 2963 3202 2935 3271 3114 3097 3010 2706 3301 3042 3070 2890 2888 2644 3054 2471 2798 2986 2852 2977 
2842 2996 2959 2772 3068 3058 3048 2914 3328 2805 2803 2561 2967 2937 2746 2762 2628 3114 2967 2712 2857 2974 2990 2882 3080 2864 2912 2763 2796 3050 2731 2889 2726 2940 3105 3192 2956 2696 3145 3026 3105 2806 2781 2946 3021 2961 2933 2801 2848 2813 3117 3031 2934 3027 2818 3047 3097 2843 3081 2725 3306 3032 2811 2820 2715 3031 2655 2890 2772 2931 3173 2917 2769 2590 2854 3115 3041 2938 2587 2718 2938 3232 2795 3085 3010 3153 2912 2682 3279 3122 3007 2712 2951 2619 2971 2510 2788 2998 2714 2805 
2773 2826 3056 2835 3162 2953 3103 2811 3289 2914 2899 2810 3145 3138 2659 2622 2667 2970 3110 2740 3059 3148 3133 2848 3177 2977 2877 2870 2909 2965 2806 2778 2855 3031 3167 3002 2896 2765 2958 2910 3050 2895 3035 2822 3103 3082 3180 2871 2948 2738 3403 3181 2871 3076 2939 3158 3120 3008 3090 2723 3134 2808 2845 2942 2828 2912 2779 2985 2901 3056 3052 2883 2686 2725 2803 3219 3237 2853 2615 2854 3102 3176 2834 3076 2991 3186 3059 2880 3348 3171 3201 2852 2947 2606 2948 2557 2878 2971 2864 2831 
3008 3115 3104 2943 3072 2930 3081 2929 3353 2891 2878 2663 3029 3080 2867 2765 2691 3086 3175 2939 2859 3102 3133 2952 3097 3073 2984 2735 2807 3073 2945 2855 2916 3093 3120 3193 2941 2814 3101 3060 3044 2866 3090 2963 3154 2918 3218 2903 3009 2742 3270 3141 2855 3302 2826 3141 3069 2966 3225 2775 3293 2896 3033 2983 2765 2950 2914 2852 2921 3038 3014 2827 2762 2649 2868 3000 3079 2959 2646 2975 3129 3222 3042 3168 3180 3160 3025 2816 3377 3033 3402 2780 2860 2927 3071 2673 2809 3169 3031 2881 
2677 2584 2816 2542 2734 2660 2721 2587 2927 2605 2578 2351 2849 2724 2522 2519 2327 2613 2626 2596 2584 2776 2635 2755 2636 2683 2434 2471 2585 2629 2625 2521 2564 2765 2743 2906 2611 2456 2701 2744 2758 2552 2797 2396 2878 2586 2646 2508 2553 2592 2868 2850 2672 2767 2646 2690 2766 2504 2796 2355 2931 2730 2506 2587 2562 2681 2491 2693 2409 2740 2664 2482 2390 2411 2479 2875 2847 2622 2205 2575 2714 2926 2721 2966 2931 2745 2725 2373 2972 2793 2995 2505 2736 2503 2781 2504 2472 2749 2639 2662 
3005 2795 3064 2825 3051 3070 3021 2859 3322 2738 2794 2649 3240 2963 2930 2775 2627 2911 3057 2874 2918 2959 2980 2893 3201 2951 2854 2593 2972 3020 2903 2800 2868 2932 3098 3124 2861 2768 3068 2876 3159 2778 3039 2797 3111 2906 3044 2783 2922 2831 3138 3039 2910 3229 2894 2864 2950 2867 3034 2677 3107 2890 2741 2789 2722 2943 2689 2906 2802 3031 2920 2946 2579 2764 2852 3057 3230 2937 2550 2849 3041 3258 2884 3064 3242 3104 3035 2749 3217 2940 3395 2631 2755 2720 2984 2516 2858 3163 2985 2977 
2759 2831 3079 2659 2899 2950 2966 2546 3064 2806 2865 2566 3013 2778 2760 2673 2532 2907 2979 2706 2790 2874 2839 2665 2969 2886 2885 2592 2746 2947 2862 2753 2779 2671 2897 2983 2877 2564 2826 2843 2970 2930 2907 2674 3002 2892 2954 2796 2715 2692 3124 2969 2745 2884 2633 2877 2983 2736 2993 2550 2922 2701 2615 2673 2663 2690 2666 2635 2699 3042 2968 2891 2599 2523 2674 2912 3042 2648 2559 2537 2805 3111 2913 2970 3017 2978 2975 2544 2998 2855 3135 2592 2723 2643 2999 2531 2723 2991 2789 2800 
3167 3372 3410 3373 3359 3392 3460 3250 3835 3228 3233 2856 3452 3324 3006 3073 3041 3560 3349 3301 3205 3251 3348 3169 3427 3255 3297 2871 3193 3295 3208 3200 3154 3313 3602 3406 3293 3186 3477 3208 3241 3194 3369 3140 3584 3394 3574 3126 3273 3045 3793 3536 3016 3479 3064 3277 3510 3137 3409 3082 3385 3047 3394 3096 3146 3308 3155 2947 3190 3420 3359 3089 2969 2801 3205 3407 3579 3183 2965 3153 3283 3466 3273 3563 3345 3540 3434 2932 3672 3479 3680 2909 3254 3091 3464 2959 3045 3373 3238 3246 
2920 2924 3129 3020 3272 3021 2974 2931 3262 2988 2937 2618 3113 3151 2906 2847 2663 3031 3037 2773 3046 3005 3214 3082 3114 3055 2724 2607 2972 2995 3026 2836 2940 3077 3174 3182 3062 2921 3167 3024 3206 2982 3168 2884 3201 2975 3083 2856 2999 2883 3346 3271 2831 3176 2805 3116 3140 2940 3322 2809 3123 3118 3006 2860 2779 3166 2884 2905 2967 3073 3042 2949 2795 2395 2897 3225 3226 2867 2486 3043 3133 3228 2995 3295 3023 3111 3178 2772 3201 3109 3327 2699 3039 2787 3037 2642 2918 3041 3143 2983 
3042 3059 3291 2959 3171 3152 3288 2792 3545 2909 3059 2808 3313 3165 2855 2899 2892 3156 3174 3054 3132 3265 3153 2944 3122 3161 2989 2832 2937 3130 3071 2870 3071 3059 3333 3221 3089 2827 3346 3031 3118 3176 3113 3089 3271 3058 3313 3055 2983 2933 3406 3276 3136 3332 2850 3144 3325 2974 3351 2852 3361 2989 3008 2949 2903 3139 3020 3012 2994 3125 3072 3011 2853 2661 2889 3299 3351 2876 2658 3031 3092 3258 3118 3340 3260 3458 3173 2762 3301 3099 3479 2791 3053 2854 3030 2546 2920 3133 3124 3003 
3102 3151 3093 3043 3201 3244 3196 3139 3368 2988 2952 2783 3233 3231 2972 2722 2788 3297 3171 2974 3097 3287 3134 3138 3108 3083 3060 2690 3036 3194 3052 2967 2941 3070 3239 3170 3035 2793 3209 3152 3151 3117 3243 3019 3278 3110 3164 3081 2978 2937 3410 3275 2960 3233 3055 3107 3009 2937 3282 2781 3363 2983 3031 2947 2913 2934 2941 2873 2955 3241 3285 2883 2838 2801 2968 3309 3240 3146 2775 2874 3176 3398 3105 3388 3307 3167 3230 2885 3376 3081 3197 3060 2952 2853 3212 2638 2975 3202 3064 2977 
2744 2829 3068 2830 2999 3102 2880 2717 3200 2818 2772 2616 3230 3002 2782 2622 2718 3044 2961 2793 2996 3011 3022 2831 3171 2943 2935 2840 2820 2936 2944 2837 2899 2861 2992 3046 2805 2707 3057 2919 2987 2938 2902 2677 2961 2970 2928 2789 2977 2621 3121 3196 2940 3035 2851 2871 3117 2878 3005 2676 3219 2809 2947 2936 2702 2980 2644 2912 2788 3064 2880 2946 2575 2440 2768 2832 3197 2956 2647 2828 3046 3008 2889 3288 3098 2976 2944 2484 3153 2950 3119 2843 2930 2733 2999 2462 2789 2929 3000 2973 
2793 2823 2940 2961 3035 2933 2996 2862 3301 2963 2763 2518 3246 3211 2566 2735 2610 3086 2896 3033 2831 3016 3016 2989 3040 2988 2956 2702 2682 2758 2867 2925 2912 2989 3066 2974 2860 2687 3042 2966 2971 2915 2869 2866 2989 2924 3143 2689 2794 2763 3263 3077 3018 3095 2866 2988 2995 2760 3114 2574 3231 2837 2883 2929 2673 2951 2804 2871 2846 3018 2867 2860 2687 2568 2853 3059 3118 2833 2579 3029 3080 3031 2977 3193 3105 3016 3095 2604 3342 3011 3236 2634 2849 2814 2978 2624 2902 3050 2871 2950 
2747 2839 2963 2868 3124 2930 2889 2863 3240 2862 2821 2702 3215 3172 2801 2791 2698 3088 2938 2843 3025 3101 3145 2947 3226 2988 2872 2845 2922 3038 2836 3067 2707 2921 3185 2926 2782 2711 3059 2921 3017 2827 3139 2900 3160 3031 3150 2832 2993 2671 3149 3159 2882 3117 2952 2995 2980 2922 3076 2661 3082 2947 2866 2793 2834 2866 2794 2786 2880 3041 2951 2955 2714 2516 2810 3247 3139 2899 2445 2816 3114 3130 3010 3181 2980 3061 3013 2709 3209 3008 3089 2930 2856 2713 3100 2640 2889 3071 2829 2860 
2750 2842 2829 2648 3089 2929 2925 2611 3173 2737 2670 2498 2990 2951 2695 2793 2591 2843 2984 2585 2754 2864 2952 2890 3008 2592 2679 2563 2653 2765 2501 2647 2825 2946 3008 3055 2827 2582 2979 2962 2850 2660 2839 2871 2769 2742 2872 2647 2728 2646 3049 3138 2853 3088 2870 2859 2948 2834 2949 2708 3087 2919 2912 2661 2642 2801 2549 2651 2762 2913 2860 2836 2635 2553 2740 2943 2924 2813 2296 2783 2787 3011 2690 2910 3072 2966 2885 2507 3151 2936 2953 2619 2810 2518 2912 2440 2830 2986 2742 2689 
2792 2869 2875 2855 3088 2895 3095 2833 3300 2968 2838 2529 3105 3037 2716 2825 2697 3110 3089 2773 2843 2905 3095 2801 3126 2971 2882 2621 2787 3015 2957 2826 2955 2747 3082 3076 2861 2826 3067 2980 2978 2712 2959 2961 3136 3032 3124 2883 2766 2821 3284 3122 2938 3150 2983 3078 3048 2811 3075 2701 3062 2846 2918 2714 2669 2898 2843 2907 2741 3174 3149 2930 2651 2524 2864 2989 3159 2963 2596 2948 3077 3245 3059 3260 3071 3203 3037 2716 3124 3038 3266 2729 2819 2742 3143 2553 2759 2869 2818 3039 
3014 3036 3232 2974 3331 3207 3252 2865 3437 2973 2996 2718 3191 3196 2902 2834 2812 3534 3144 3167 3022 3120 3255 3144 3349 3097 3181 2979 2988 3174 3014 2988 3094 3136 3318 3199 3014 2860 3259 3104 3140 3005 3089 2967 3245 3159 3302 3014 2903 2929 3388 3185 3003 3162 3055 3126 3144 2985 3223 2977 3228 2947 3012 3036 2846 3082 2930 3041 3237 3338 2993 2911 2668 2900 3150 3192 3463 3051 2824 2969 3112 3295 3096 3393 3310 3369 3160 2863 3403 3070 3468 2995 2943 2940 3312 2788 2933 3237 3052 3149 
2881 2984 3325 2877 3000 3156 3244 2790 3283 2912 2897 2859 3131 3142 2788 3015 2699 3035 3154 2885 3014 2979 3099 2989 3017 2954 2913 2780 2848 2876 2940 2865 2898 2942 3174 3119 2939 2658 3223 2979 3081 3219 3233 3077 3241 3069 3241 3058 2974 2760 3272 3245 2899 3060 2892 3082 3046 2883 3233 2545 3218 2999 2985 2907 2803 2909 2883 2942 2906 3145 3007 2964 2616 2762 2775 3329 3199 2887 2406 2686 3079 3213 3035 3339 3145 3272 3090 2720 3245 2854 3130 3012 3167 2623 3203 2648 2827 3014 2954 2887 
2957 3120 3326 2818 3139 3342 3180 2965 3441 3128 2999 2840 3220 3238 2977 3025 2824 3261 3213 3031 3132 3112 3319 3076 3337 3185 2953 2807 3164 3134 2957 3076 2947 3160 3408 3259 3104 3004 3252 2958 3294 3098 3158 3027 3431 3241 3171 3182 3049 2900 3333 3348 3024 3268 2983 3329 3199 3115 3206 2880 3239 3177 3243 2925 2916 3144 3110 3047 2972 3168 3110 3198 2925 2795 2907 3275 3296 3148 2756 2980 3209 3478 3177 3373 3207 3257 3342 2867 3454 3264 3309 2856 3231 3033 3195 2821 2972 3141 2994 2907 
2818 3055 3065 2915 3037 3032 3100 2871 3320 2901 3011 2704 3123 3122 2787 2757 2756 3090 3172 2991 3055 2972 3031 2921 2996 3019 2840 2806 2986 2968 2967 2929 2847 3018 3302 3115 2970 2751 3193 2873 3248 2945 3132 2810 3062 3107 3106 3035 3043 2754 3188 3179 2963 3312 2841 3077 3198 2967 3032 2622 3254 2820 3073 2923 2970 2822 2797 2957 2857 3202 3259 2877 2691 2643 2841 3235 3146 2881 2577 2708 2856 3416 3077 3277 3187 3133 3163 2819 3259 2928 3081 2808 2932 2876 3272 2647 2764 3246 2812 2968 
3057 2891 3133 2968 3179 3077 3147 2890 3470 2770 2968 2714 3090 2962 2962 2743 2749 3270 3062 2870 2884 3003 3081 3001 3180 2900 3015 2672 2907 3155 2899 2928 2985 3004 3138 3074 2941 2597 3125 3099 3093 2930 3041 2857 3109 2933 3230 2953 2857 2923 3211 3252 2935 3151 2956 2907 3114 2872 3039 2754 3195 2961 2875 2890 2790 2926 2775 2826 2937 3144 3035 3028 2590 2678 2782 3028 3196 2948 2621 2812 2951 3243 2976 3165 3131 3257 3016 2755 3279 3008 3364 2878 2789 2740 3121 2567 2857 3148 2977 2953 
3017 3103 3302 3072 3263 3111 3241 2803 3652 3138 3144 2834 3310 3219 2901 2934 2874 3424 3293 3050 3057 3046 3205 3128 3346 3239 3105 2927 3115 3189 3030 3027 2954 3280 3286 3336 3230 2903 3341 3148 3254 3227 3188 2884 3285 3118 3354 2957 3063 3061 3393 3399 3222 3235 3083 3295 3343 3252 3398 3011 3420 3074 3076 3123 2954 3257 2994 3114 3136 3308 3091 3153 2802 2737 3125 3372 3477 2998 2728 3090 3111 3218 3168 3374 3360 3308 3207 2812 3419 3281 3463 2994 3134 2898 3260 2797 2968 3251 3158 3223 
2783 2797 3036 2743 2928 3014 2987 2708 3303 2786 2752 2609 3042 2899 2596 2763 2517 2939 2902 2714 2882 2834 2916 2634 2970 2887 2868 2682 2794 2814 2829 2886 2740 2836 3118 2940 2934 2709 3127 2877 2973 2849 2891 2647 3011 2837 2991 2769 2848 2757 3069 2886 2864 3022 2863 2983 3004 2709 3038 2527 3119 2666 2810 2808 2683 2818 2674 2853 2678 3023 2877 2826 2655 2483 2834 3058 3094 2791 2392 2794 2987 3140 2813 3114 3035 2989 2860 2578 3277 3036 3108 2818 2866 2671 2924 2410 2831 2844 2834 2896 
2842 3065 3159 2594 3110 3016 3038 2823 3167 2731 2836 2433 3246 2976 2585 2643 2594 2843 3005 2701 2781 2935 2867 2716 2876 2858 2958 2690 2727 2831 2881 2760 2725 2956 3022 3158 2829 2740 2927 2962 2907 2933 2933 2920 3018 2879 2991 2772 2815 2618 3239 2956 2815 3080 2696 3013 3047 2704 3193 2721 3077 2933 2761 2792 2796 2856 2872 2990 2877 2983 2827 2942 2694 2581 2629 2918 3140 2658 2529 2732 3044 3127 2859 3089 3074 3125 3011 2627 3188 2918 3216 2799 3014 2790 3045 2627 2700 2917 3036 2750 
3058 2911 3185 2905 3079 3076 3309 2834 3453 2954 2988 2774 3209 3011 2859 2901 2831 3190 3071 2903 3092 3027 3040 3019 3076 3122 2918 2735 2825 3208 2827 2920 2850 3078 3029 3095 3090 2758 3109 3006 3215 3068 3141 2945 3241 2853 3317 2796 2902 2884 3226 3219 2800 3169 2914 3071 3186 2858 3189 2658 3191 2897 2804 2778 2848 2907 2792 2887 3000 3146 3245 3002 2744 2756 2869 3292 3134 3010 2537 2893 2983 3231 3010 3239 3175 3204 2894 2859 3406 3194 3347 2799 3089 2751 2938 2681 2911 3206 2911 2950 
2863 3048 2916 2878 3107 3118 3141 3020 3340 2921 2914 2618 3289 3160 2674 2774 2658 3145 3157 2903 2976 3050 3009 2853 3093 2916 3012 2826 2872 3063 2822 2893 2834 3005 3153 3049 2956 2803 3046 2996 3072 2814 2928 3020 2965 2922 3234 2878 2915 2815 3310 3191 2949 3200 2932 3026 3091 2908 3164 2741 3145 2861 2854 2926 2825 2833 2728 2684 2956 3145 3078 3081 2783 2755 2722 3098 3201 2995 2640 2818 2981 3306 2901 3017 3264 3233 3028 2758 3109 3123 3129 2739 3025 2858 3062 2606 2941 3002 2851 2838 
3112 3071 3282 2907 3213 3009 3183 2909 3589 2965 3015 2836 3156 3163 2848 2897 2844 3200 3210 3066 3074 3180 3168 2980 3063 3141 3028 2918 3048 3093 3104 2874 2983 3072 3258 3172 2975 2824 3303 3126 3118 2948 3153 2931 3142 3029 3190 2952 3108 2858 3427 3168 2996 3340 3069 3278 3266 3030 3220 2857 3293 2999 3092 2985 2940 3111 2886 3058 2969 3182 3171 2971 2660 2882 2981 3270 3361 3022 2724 2938 3033 3390 3070 3443 3343 3184 3173 2859 3425 3078 3321 2991 3017 2981 3170 2735 2965 3169 3025 3148 
2758 2786 3065 2821 2843 3062 3016 2762 3146 2701 2670 2500 3064 2828 2751 2788 2536 3118 2836 2709 2752 2812 2999 2671 2894 2792 2796 2521 2758 2989 2887 2810 2622 2963 2919 2955 2844 2700 2908 2893 2852 2883 2811 2759 3167 2685 2987 2808 2751 2765 2993 2975 2664 2876 2615 2809 2873 2675 2972 2631 2885 2644 2890 2626 2712 2683 2785 2700 2873 3054 2875 2747 2592 2544 2654 2774 2951 2678 2412 2655 2796 3074 3106 3173 2910 3049 2891 2638 3093 2896 3174 2739 2878 2769 3041 2573 2568 2973 2857 2850 
2951 3027 3117 2987 3204 3279 3086 3027 3438 3025 3094 2718 3248 3336 2911 2971 2861 3305 3263 3126 3062 3074 3197 3259 3208 3021 2919 2782 3027 3133 2979 3056 2914 3094 3306 3304 3094 2896 3347 3057 3277 3177 3124 2979 3276 3130 3171 3058 3051 2913 3397 3221 2971 3179 2983 3118 3407 3013 3107 2954 3276 3012 3008 3017 2954 2961 2919 2923 3207 3160 3166 3164 2593 2737 2901 3117 3200 3053 2668 2905 3057 3365 3039 3384 3198 3240 3129 2808 3468 3030 3324 2882 3060 2847 3193 2731 2817 3218 2926 3027 
3374 3265 3299 3021 3224 3187 3297 2969 3511 2898 3077 2843 3392 3295 2974 2808 2701 3266 3409 2961 3227 3264 3236 3127 3327 3239 3121 2965 3042 3147 3040 3004 3065 3267 3369 3247 3231 3018 3330 3329 3281 3101 3248 3009 3259 3036 3363 3082 3084 3112 3416 3455 3140 3354 2986 3297 3388 3086 3426 2968 3568 2960 3085 3030 3102 3234 2993 3158 3111 3317 3122 3056 2778 2848 3016 3355 3437 3069 2753 2990 3258 3422 3060 3424 3348 3375 3178 2956 3535 3257 3427 2862 3100 2863 3157 2705 3056 3355 3157 3134 
3008 3089 3168 2974 3215 3189 3282 2880 3387 2896 3060 2792 3259 3132 3028 2825 2751 3180 3172 2839 3142 3033 3262 2966 3057 2927 2962 2865 2907 3165 3182 2938 2899 3107 3344 3261 2985 2881 3260 3126 3156 3093 3194 2906 3258 3084 3206 2775 3253 3001 3317 3163 2902 3192 2928 3047 3240 2944 3156 2728 3403 3068 3131 3003 2837 2990 2928 2992 2949 3324 3087 2945 2722 2587 2884 3230 3384 3043 2513 2818 3295 3370 3153 3378 3104 3227 3066 2871 3401 3178 3333 2960 3171 2794 3113 2641 2877 3085 3205 3063 
2906 2923 2998 2797 2838 2995 3058 2864 3304 2686 2622 2449 3116 2925 2707 2696 2596 3001 2865 2776 2872 2842 2869 2726 2834 2790 2703 2516 2595 2865 2864 2635 2705 2958 3062 2866 2769 2722 3025 3074 2702 2759 2865 2773 3017 2723 3009 2841 2796 2714 3104 3114 2626 2937 2705 3033 2993 2929 2992 2682 3107 2725 2883 2828 2682 2864 2620 2695 2723 2920 2937 2603 2508 2565 2518 2915 2955 2899 2490 2704 2895 3110 2798 3084 2927 2815 3010 2711 3211 2953 3155 2667 2834 2619 2899 2563 2714 2854 2760 2695 
2799 2835 3164 2850 2950 3030 2987 2779 3246 2750 2909 2629 3048 3049 2723 2759 2679 3022 3088 2665 2846 2935 3004 2804 3046 3019 2862 2715 2943 2921 2908 2920 2757 2769 3139 3051 3000 2849 3256 2967 2873 2989 2895 2660 3003 2982 3110 2875 2865 2801 3165 3142 2903 3043 2895 2962 3188 2830 3072 2799 3092 2762 2906 2765 2806 2910 2680 2829 2882 3074 2950 2793 2565 2483 2880 3067 3089 2798 2501 2767 2909 3145 2753 3168 3056 3060 2954 2595 3318 3016 3091 2811 2913 2708 3070 2425 2697 2990 2878 2940 
2705 2748 2901 2679 2785 3088 3107 2905 3076 2839 2664 2524 3008 3073 2608 2737 2608 3183 3032 2772 2918 2828 3123 2767 3075 2975 2979 2733 2845 2809 2868 2680 2870 2881 3098 2950 2797 2791 3065 2937 2931 2772 3035 2786 3070 2933 3074 2902 2757 2813 3127 3082 2700 2891 2783 2907 3139 2773 3031 2697 2996 2770 2962 2856 2710 2951 2782 2729 2883 3144 3029 2790 2734 2622 2818 2984 2961 2791 2397 2741 3093 3088 3000 3095 3051 3000 3008 2627 3220 2864 3192 2646 2741 2821 2999 2607 2708 2978 2781 2965 
2976 2992 3020 2877 3058 3114 3063 2762 3304 2798 3050 2614 2973 3027 2818 2777 2737 3089 3222 2918 2952 2981 2986 3013 3203 2978 2910 2656 2990 3039 2819 2807 2806 3058 3047 3140 3019 2651 3080 3006 3123 2909 3039 2776 3154 2925 3223 2871 2773 2758 3149 3219 2841 3151 2810 2977 3115 2933 3179 2897 3194 2819 2940 2823 2892 2836 2934 2800 3078 3064 3049 2881 2600 2696 2906 3207 3274 2945 2630 2683 2978 3081 3008 3181 3245 3246 2938 2646 3126 2990 3183 2725 2901 2672 3192 2565 2815 3234 2990 2820 
2741 2849 2863 2749 3109 3003 2911 2751 3162 2839 2898 2496 2941 3003 2617 2679 2600 3021 2836 2889 2721 2852 3017 2894 3061 2762 2846 2654 2889 2845 2710 2811 2709 3064 2949 3034 2787 2563 2966 2924 2948 2785 2873 2852 2958 2880 3061 2701 2687 2652 3013 3180 2733 3168 2724 2988 2913 2792 2978 2790 3087 2864 3069 2785 2742 2972 3000 2750 2796 2909 2888 2930 2621 2530 2803 2973 3181 2791 2572 2902 3034 3117 2951 3118 2907 3108 2974 2544 3149 3052 3060 2667 2881 2711 2916 2666 2696 2970 2996 2714 
2835 2869 2878 2767 2936 2857 3039 2777 3223 2782 2708 2629 3055 2961 2582 2524 2611 3085 2903 2800 2863 2940 2832 2883 2864 2939 2841 2651 2821 2925 2827 2802 2768 2766 3095 2883 2760 2682 2996 2775 2909 2764 3045 2766 3011 2964 3049 2775 2814 2720 3166 2940 2681 2916 2817 2796 2818 2777 3069 2660 2932 2715 2840 2711 2688 2789 2848 2728 2756 3041 2875 2833 2459 2725 2697 2992 3126 2795 2504 2776 2841 3117 2858 3089 3067 3015 2928 2626 3010 2945 3084 2796 2799 2759 2914 2547 2814 2933 2820 2877 
2920 2784 2933 2922 2935 3023 3036 2858 3444 2926 2766 2623 3029 3066 2729 2825 2684 3070 3071 2894 2859 3095 2939 2853 3052 2913 2912 2642 2830 2880 2904 2760 2933 2995 3118 2909 2905 2683 2985 3003 2967 2831 2993 2802 3042 2881 3169 2790 2843 2730 3260 3196 2970 3158 2929 2883 2895 2917 3005 2690 3268 2825 2971 2763 2693 2884 2892 2778 2766 3125 2976 2856 2680 2682 2850 3053 2968 2886 2609 2949 2962 3137 2981 3150 3109 2988 2988 2721 3237 3122 3319 2751 2600 2803 2921 2652 2731 3088 2759 2854 
2893 3096 3235 2815 3154 3094 3212 2979 3306 2894 2792 2709 3287 3102 2820 2858 2671 3273 3007 2947 3002 3029 3123 2963 3115 2868 2977 2923 2740 3150 2845 2927 2874 3022 3086 3144 3090 2730 3021 3073 3069 2971 3100 3081 3136 2882 3047 2897 2930 2801 3305 3211 2892 3236 2880 3091 3119 2895 3147 2603 3248 2874 3068 3027 2827 2906 2920 2865 3039 3110 2976 3046 2758 2672 2976 3092 3222 2961 2479 2989 3099 3138 2942 3225 3101 3166 3020 2826 3314 3197 3191 2953 2993 2605 3060 2627 2927 3114 3067 2883 
3075 2941 3158 2889 2984 2918 3011 3000 3389 2788 3002 2845 3199 3216 2853 2799 2786 3059 3109 2852 3027 2990 3146 3079 3082 3106 2932 2854 3041 3119 2984 3037 2936 3091 3261 3203 3008 3027 3253 2952 3110 3057 3275 2941 3295 2996 3192 3101 3079 2996 3315 3199 2957 3214 2842 2959 3156 2918 3282 2803 3212 3237 2944 2999 2906 3212 2796 2835 3030 3282 3060 3112 2874 2800 2702 3377 3068 2926 2347 2801 3102 3280 3031 3198 3187 3258 3133 2808 3270 3135 3229 2767 2998 2690 3117 2671 2823 3135 3032 3029 
3160 3109 3288 3021 3431 3248 3331 2946 3357 2995 3058 2856 3213 3297 3006 2802 3009 3242 3202 3028 3141 3236 3312 3048 3320 3134 2938 3026 3156 3312 3128 3033 2981 3267 3163 3374 3109 3030 3267 3092 3231 3183 3245 2999 3253 3093 3265 3156 3111 2876 3260 3325 2992 3376 3028 3258 3201 3120 3373 2860 3349 3124 3101 2908 3021 3117 2954 3123 3052 3347 3231 2906 2780 2804 2990 3243 3362 3225 2767 2881 3329 3493 3182 3411 3258 3329 3246 3103 3480 3105 3395 3008 3102 2890 3306 2794 2829 3311 3166 3152 
2981 3112 3080 2856 2986 3113 3259 2920 3326 2867 2958 2742 3216 3254 2925 2891 2718 3156 3175 2865 3113 2948 3142 3097 3113 3096 2873 2978 2966 3140 2953 2782 2947 3232 3178 3131 3097 2828 3152 2988 3002 2988 3131 2962 3130 3058 3227 2863 2976 2846 3225 3185 2971 3296 3000 3014 3229 2948 3175 2801 3269 3000 2965 3029 2735 2992 2888 2863 3117 3178 2970 2947 2857 2863 2805 3206 3233 3074 2485 2905 3134 3251 3060 3110 3279 3278 3085 2965 3298 3159 3281 2873 2896 2793 3018 2682 2989 3041 2923 2995 
3143 3059 3181 2979 3233 3383 3215 3036 3474 2939 2914 2929 3348 3161 3031 2818 2828 3014 3244 2998 3163 3179 3170 3016 3267 3082 3061 2837 2989 3178 3089 3016 3059 3071 3323 3300 3086 2843 3237 3139 3208 3221 3329 2989 3276 3039 3291 3215 2911 2924 3437 3274 3083 3312 2852 3129 3330 2842 3291 2871 3383 2996 3071 3048 3076 3119 3056 3110 2932 3224 3141 3116 2877 2779 2948 3388 3162 3113 2523 2968 3249 3477 2945 3413 3296 3257 3187 2800 3352 3176 3435 3013 3141 2887 3082 2672 2903 3196 3263 2957 
3041 2980 3082 3053 3251 3191 3120 3056 3358 2913 2908 2728 3177 3239 2825 2793 2716 3298 3164 2799 3067 3156 3128 3065 3188 3062 3085 2916 2986 3156 3115 3142 2849 3032 3259 3229 3162 2933 3160 3101 3287 3102 3208 3112 3159 3091 3268 3039 2979 3126 3441 3361 3071 3159 2983 3130 3242 2955 3341 2964 3203 3065 3049 3035 2927 3111 3031 3056 3033 3146 3131 3093 2940 2688 2995 3247 3292 3019 2615 3033 3152 3283 3095 3369 3189 3194 3134 2830 3291 3274 3185 3023 3031 2794 3166 2779 3018 3032 3075 3024 
3206 3087 3267 3072 3164 3175 3193 3045 3519 3045 3139 2819 3285 3387 2754 2849 2857 3192 3316 3165 3243 3063 3257 3158 3249 3368 2967 2955 3240 3072 3024 3125 2921 3061 3345 3289 3199 2882 3242 3196 3216 3095 3258 2920 3249 3200 3345 3047 3133 2951 3435 3318 3090 3461 3062 3315 3303 3010 3348 2834 3397 3123 3074 3071 3031 3212 3033 3085 3140 3362 3137 3057 2775 2909 2917 3426 3372 2991 2806 2972 3251 3323 3044 3373 3351 3423 3163 3044 3521 3334 3420 2870 3216 2884 3290 2858 2975 3356 3087 3055 
