100 100
2795 3001 3110 2776 3118 3193 3184 2822 3100 2904 2948 2989 3229 2769 2743 3358 2963 3111 3065 3000 2643 2817 3053 2840 2873 2996 2763 3115 2990 3133 3068 2965 2773 2844 2755 3289 2895 3043 2770 2728 3058 2622 2986 3044 3128 3020 3285 2778 3211 2953 3293 2998 2648 3067 3148 2957 2843 2832 2833 2785 2703 2643 3088 2785 2816 3142 2739 2869 2957 2820 3053 2790 3000 2972 3015 2895 2926 3043 2890 3097 2838 3078 3115 3054 2952 3364 2901 2806 2731 2892 3052 3140 2713 2968 2670 3151 2967 2925 2789 2695 
2689 3072 3050 2844 3108 3300 3101 2733 3150 2877 2918 3142 3384 2836 2878 3463 2952 3047 3260 3006 2801 2903 2818 2858 2972 2970 2890 3220 3069 3111 3111 3061 2765 2824 2816 3361 2747 3017 2777 2675 3061 2627 3032 3029 3121 3067 2985 2841 3364 2814 3272 3275 2761 3201 3034 3099 3007 2764 3013 2827 2772 2566 3151 2697 2905 3122 2868 2977 2869 2704 2975 2861 3115 3137 2844 2996 2994 2940 2834 3120 2908 3235 3141 3107 2975 3238 2932 2870 2956 3133 2999 3134 2939 3102 2744 3093 3020 3010 2945 2931 
2663 3058 2906 2836 3031 3206 3028 2994 3052 2846 3081 3053 3146 2774 2768 3142 2809 3152 3154 3094 2488 2901 3068 3027 2668 2894 2587 3011 3040 2960 3061 3068 2711 2881 2664 3139 2974 2952 3051 2947 2950 2607 3006 2952 2922 3103 2933 2832 3199 3112 3165 3167 2676 3102 3219 3045 2650 2626 2885 2695 2674 2555 3170 2741 2946 3100 2606 2783 2869 2716 2904 2623 2954 2956 2865 2853 2864 3110 2876 3006 2824 3123 3033 3276 2963 3127 2875 2723 2911 2952 2986 3046 2804 3038 2483 3141 3009 2950 2735 2746 
2593 2942 2910 2699 3006 3143 3010 2860 3010 2681 2769 2950 3151 2617 2605 3230 2832 2921 3023 2938 2508 2791 2863 2932 2855 2888 2585 3068 2833 2924 2939 2846 2438 2741 2624 3167 2830 2757 2854 2837 2787 2499 2841 3029 2743 2884 2784 2734 2984 2730 2978 3100 2519 2961 2912 2938 2719 2652 2868 2601 2717 2567 3019 2572 2891 3091 2736 2997 2521 2540 2901 2819 2804 2977 2746 2761 2964 3017 2645 2996 2691 3046 3072 3118 2994 3137 2743 2763 2874 2914 2781 2833 2647 2866 2516 2981 2991 3080 2775 2730 
2593 2954 2838 2715 2953 3122 3040 2740 3007 2799 2993 2882 3252 2590 2503 3188 2657 3081 2949 2839 2456 2815 2941 2863 2927 2611 2684 3079 2944 2992 3136 2940 2548 2549 2703 3264 2708 2798 2628 2798 2983 2504 2807 2812 2863 2920 2888 2741 3020 2816 2924 2951 2641 3060 3094 2710 2810 2684 2775 2644 2619 2518 3115 2548 2815 3133 2616 2782 2755 2564 2929 2750 2841 2960 2768 2744 2920 2882 2588 3043 2698 2920 3080 3109 2966 3284 2805 2678 2682 2901 2860 3053 2584 2855 2362 3030 2900 2946 2667 2679 
2801 3079 3162 2710 3109 3210 3321 2942 3047 2988 3043 2979 3134 2734 2948 3275 2798 3093 3138 3094 2612 2950 3074 3077 3048 3015 2855 3136 2899 3090 3210 3077 2773 2964 2898 3303 2892 2875 2847 3129 3079 2653 3123 2951 2935 3205 3214 2965 3114 3023 3199 3214 2655 3107 3173 3006 2971 2696 2971 2763 2951 2525 3061 2638 2859 3176 2947 3071 2993 2810 3193 2830 3141 3087 2826 3077 3103 2984 2952 3251 2924 3237 3171 3306 3122 3156 2857 2812 2823 3125 3101 3238 2762 3025 2689 3320 3235 3179 2877 2868 
2880 3312 3206 3021 3450 3519 3345 2998 3342 3144 3166 3432 3475 2935 3100 3598 3059 3254 3354 3301 2877 3081 3137 3124 3021 3470 2913 3314 3133 3425 3355 3198 2974 3125 3090 3363 3014 3190 3014 3048 3078 2776 3227 3429 3301 3098 3244 3025 3373 3083 3465 3540 2778 3350 3361 3176 3215 2898 3048 2926 3011 2763 3360 3036 3231 3520 3216 3236 3149 3058 3167 2922 3295 3187 3000 3119 3243 3246 3167 3262 2979 3272 3308 3420 3172 3505 3122 2996 3120 3234 3248 3361 3022 3197 2935 3247 3315 3262 2994 2874 
3033 3452 3178 2943 3465 3461 3399 3090 3300 3194 3353 3330 3524 3029 3036 3668 3063 3306 3320 3352 2916 3073 3156 3127 3066 3334 2984 3399 3237 3341 3372 3429 2889 2978 3055 3571 3005 3167 3155 2988 3413 2838 3192 3201 3245 3218 3350 3032 3517 3211 3551 3592 2979 3303 3368 3165 3172 2829 3105 2926 3104 2901 3304 2746 3223 3430 3032 3177 3114 2852 3369 3064 3281 3243 3063 3013 3378 3364 3064 3454 3102 3336 3332 3530 3300 3512 3284 3071 3113 3216 3238 3325 2937 3212 2849 3405 3383 3323 3137 2940 
3010 3173 3007 2948 3056 3175 3216 2839 3051 2823 3040 3209 3183 2943 2784 3449 2975 3234 3173 3280 2836 3058 3067 2997 3078 3090 2840 3340 3055 3157 3103 3123 2809 2852 3020 3345 3021 3047 2960 2919 3108 2761 3109 2968 3149 2958 3204 2868 3263 3151 3273 3455 2813 3272 3222 3043 3005 2762 2900 2810 2819 2782 3223 2949 3040 3231 2999 3074 3029 2877 3151 2953 3048 3097 2978 2896 3070 3120 2890 3170 2926 3134 3193 3292 3080 3379 3060 3006 3037 3048 3303 3179 2839 2984 2721 3066 3048 3345 2920 2837 
2625 2945 2720 2561 2849 2964 2950 2816 2745 2749 3052 2880 3008 2708 2599 3255 2560 2876 2915 2810 2434 2600 2890 2768 2659 2788 2649 2992 2898 2871 2915 2804 2646 2689 2865 2971 2544 2844 2719 2666 2839 2481 2748 2841 2866 2717 3015 2698 2954 2749 3063 3027 2626 3016 2841 2758 2717 2586 2692 2641 2552 2500 2986 2627 2679 2995 2730 2803 2674 2670 2886 2635 2851 2878 2705 2926 2741 2877 2710 2979 2600 2993 3002 2896 2837 3000 2759 2718 2560 2740 2927 3029 2641 2844 2538 3021 2950 2943 2747 2514 
3100 3603 3432 3208 3520 3664 3391 3256 3559 3257 3326 3537 3851 3106 3181 3887 3314 3588 3459 3531 2941 3434 3354 3291 3305 3466 3295 3490 3582 3576 3563 3345 3040 3241 3316 3551 3213 3407 3249 3238 3413 3127 3348 3521 3426 3455 3446 3179 3731 3336 3650 3800 3226 3728 3570 3329 3423 3142 3250 3283 3096 2888 3682 3218 3323 3812 3135 3366 3216 3082 3482 3177 3352 3279 3254 3265 3543 3432 3275 3453 3025 3624 3649 3681 3419 3801 3352 3240 3321 3487 3450 3638 3237 3358 2963 3603 3438 3425 3384 3214 
3084 3692 3359 3112 3376 3650 3614 3211 3391 3266 3366 3342 3578 3157 3098 3770 3064 3650 3490 3443 2877 3270 3437 3365 3198 3401 3025 3496 3431 3535 3221 3428 2982 3209 3208 3669 3166 3292 3285 3199 3452 2970 3545 3337 3249 3369 3358 3185 3425 3332 3675 3694 3101 3603 3384 3387 3349 3168 3118 3084 3154 2893 3477 3080 3166 3637 3168 3201 3264 3150 3300 3174 3200 3347 3105 3267 3406 3398 3264 3369 3393 3325 3462 3503 3403 3646 3311 3199 3216 3591 3476 3536 3204 3350 2951 3522 3425 3503 3276 2896 
3011 3281 3131 2885 3131 3197 3232 2966 2985 2914 3069 3179 3251 3081 2789 3551 3016 3213 3167 3197 2675 2880 3062 3101 3055 3168 2844 3226 3057 3173 3095 3179 2785 2928 2983 3298 2970 3062 3010 2802 3094 2631 3082 2963 2890 2983 3217 2741 3120 3108 3266 3280 2843 3241 3124 3051 3189 2807 3011 2672 2901 2752 3230 2873 2942 3154 2855 2993 2952 2888 3283 2814 3046 2897 2816 3072 3081 3037 3048 3171 2874 3169 3147 3306 3118 3214 3010 2894 2801 3109 3095 3176 2880 3067 2698 3258 3082 3255 2978 2762 
2811 3124 2881 2602 2978 3191 3069 2782 3064 2741 2940 3018 3181 2794 2778 3276 2853 2966 3136 3001 2518 2752 3011 2828 2831 3006 2806 2952 2971 3127 3007 3095 2760 2832 2753 3315 2804 2850 2830 2721 2900 2608 2937 2982 2925 3022 2947 2776 3055 2852 3083 3379 2793 3048 2922 2975 3111 2702 2751 2749 2780 2696 2976 2758 2902 3101 2822 3032 2814 2673 2896 2860 2997 2925 2870 2867 2917 3046 2698 3141 2823 3166 3084 3145 3021 3231 3040 2807 2731 3023 3056 3141 2862 2941 2631 3038 2908 3230 2946 2689 
2615 3208 2910 2812 3050 3129 3069 2825 3023 2935 3021 3134 3250 2863 2718 3411 2926 3149 3000 3022 2645 2812 2942 2994 2882 2965 2780 3209 3212 3086 3030 2943 2671 2798 2753 3084 2641 2956 2732 2836 3013 2787 3047 3007 2972 2971 3150 2728 3186 2955 3381 3172 2708 3212 3069 3051 2907 2716 2834 2627 2657 2584 3232 2835 2841 3108 2839 2958 2806 2732 2987 2762 3013 3141 2950 3036 2989 2943 2858 3120 2804 3118 3221 3051 2982 3337 3006 2986 2954 2992 3124 3301 2776 2976 2742 3117 3149 3150 2901 2789 
2654 2966 2759 2804 2828 3122 2975 2675 2943 2626 2671 2830 3059 2590 2666 2944 2553 2870 3096 2826 2532 2725 2923 2667 2711 2853 2611 2926 2825 3029 2899 3017 2646 2754 2732 3135 2803 2761 2666 2765 2870 2488 2870 2892 2939 2896 2865 2763 2997 2649 3021 3074 2583 2816 3090 2891 2859 2787 2830 2687 2629 2448 2738 2650 2672 2989 2714 2987 2919 2659 2724 2812 2794 2919 2845 2886 2922 2785 2605 3022 2858 2965 2971 3083 2804 3130 2829 2705 2665 2787 2971 2963 2595 2821 2417 2978 2853 2992 2837 2648 
2578 3209 3041 2956 3046 3238 3157 2789 3028 2697 2923 3151 3307 2791 2822 3334 2877 3279 3067 3077 2783 2963 3044 3072 3012 2983 2821 3183 3090 3178 3148 3132 2879 2890 3076 3278 2873 3099 2954 3000 2962 2717 3236 3101 3070 2974 3265 2856 3271 2977 3304 3394 2587 3257 3171 2927 2945 2701 2804 2811 2852 2489 3144 2913 2982 3280 2972 3029 2908 2676 3008 2863 3069 3040 2894 3049 3107 3141 2939 3027 2830 3019 3112 3277 2963 3219 2952 2985 2896 3211 3099 3203 2794 3155 2661 3166 3088 3208 3087 2807 
2812 3192 2884 2772 3219 3258 3193 2886 3121 2720 3211 3200 3323 2928 2795 3426 2861 3114 3061 3062 2800 2862 2876 3038 2837 2979 2846 3228 3069 3238 3049 3126 2860 2920 2937 3281 2864 3162 2853 2781 3091 2603 3228 3044 3165 2922 3086 2924 3168 2881 3198 3303 2945 3171 3112 2910 3002 2777 3005 2955 2708 2649 3325 2848 3175 3280 2765 3047 2849 2907 2987 2797 3032 2994 2874 3062 2891 2922 2979 3069 2963 2932 3201 3177 3019 3332 2991 2907 2821 3019 3147 3266 2839 2974 2667 3012 2952 3085 2773 2897 
2530 2937 2780 2640 2858 3044 2823 2823 2756 2725 2877 2813 3031 2604 2581 2941 2545 2813 2992 2840 2422 2663 2716 2668 2647 2705 2543 2917 2698 2884 2866 2822 2608 2791 2784 2928 2474 2831 2516 2562 2830 2241 2654 2870 2781 2780 2774 2573 3019 2798 2817 2962 2369 2936 2828 2827 2741 2501 2697 2483 2397 2217 2906 2536 2576 2753 2639 2842 2792 2554 2931 2671 2740 2667 2664 2724 2669 2740 2544 2851 2649 2970 2954 2879 2687 3053 2672 2644 2537 2801 2820 2836 2487 2813 2397 2845 2881 2965 2658 2496 
2950 3433 3090 2915 3362 3388 3319 3146 3182 2959 3153 3298 3490 2957 2973 3513 3066 3358 3395 3305 2799 3051 3152 3152 2948 3110 2919 3443 3220 3325 3261 3220 2950 3091 2962 3537 3006 3204 2965 3023 3223 2865 3265 3213 3245 3104 3360 3018 3341 3068 3444 3290 2785 3260 3087 3231 3139 2819 3119 2893 2799 2912 3328 2798 3210 3311 2979 3011 2901 2896 3206 3111 3135 3197 3178 2980 3302 3281 3267 3210 3078 3348 3246 3369 3345 3361 3140 3111 2911 3225 3312 3344 3076 3175 2736 3365 3358 3395 3125 2912 
2881 3238 3177 3006 3197 3213 3271 2887 3171 2880 2978 3261 3381 2847 2765 3296 2965 3261 3376 3271 2711 2983 3026 3153 2957 3039 2878 3276 3051 3207 2975 3207 2801 3021 2909 3390 3093 3134 3098 3124 3184 2692 3144 3024 3073 3048 3182 2977 3310 3028 3440 3333 2827 3092 3200 3116 2900 2851 3086 2905 2861 2807 3157 2795 3030 3294 2961 2912 3071 2879 3062 2785 3196 3097 2941 2999 3256 2953 3054 3232 3013 3293 3249 3241 3113 3234 3069 2860 2841 3153 3100 3220 2949 3070 2705 3386 3105 3356 3051 2842 
3010 3204 3127 2946 3290 3320 3280 2894 3174 2983 3159 3296 3393 2922 2824 3588 2994 3276 3198 3179 2893 2962 3025 2998 2971 3059 2738 3370 3105 3186 3165 3179 2852 2997 2921 3323 2731 3099 2956 2822 3172 2671 3152 3018 3143 3075 3296 3024 3220 3023 3376 3404 2890 3238 3260 3060 3041 2734 2958 2988 2772 2677 3199 2754 3181 3455 3014 3047 3004 2855 3186 2842 3056 3063 2849 3030 3169 3060 3076 3202 2914 3187 3220 3190 3182 3322 3002 3008 3073 3108 3307 3425 2794 3108 2629 3089 3062 3156 3028 2996 
3084 3569 3124 3029 3569 3538 3378 3176 3214 3226 3406 3392 3446 3203 3072 3463 2918 3578 3372 3295 2937 3002 3164 3154 3136 3338 2911 3272 3373 3462 3358 3462 3055 3091 3220 3418 3009 3254 3031 2966 3445 2807 3164 3230 3200 3299 3383 3082 3468 3120 3532 3468 3088 3497 3316 3251 3310 2844 3047 3101 3117 2891 3419 2922 3176 3356 3144 3229 3205 3042 3411 3084 3179 3170 3164 3014 3364 3253 3139 3316 3317 3372 3321 3371 3381 3640 3332 3185 2934 3372 3505 3504 2982 3336 2799 3359 3384 3575 3056 2948 
2855 3212 2932 2722 2936 3134 3097 2842 3109 2822 3006 3173 3169 2644 2779 3234 2685 3034 3084 3079 2484 2856 2961 2909 2804 2836 2782 3142 2926 3080 2937 3123 2744 2784 2977 3195 2867 3063 2854 2967 3011 2634 3029 2844 2954 2864 3201 2753 3036 3072 3171 3203 2613 3057 2970 3024 2918 2745 2774 2875 2667 2522 3022 2731 2892 3105 2967 2846 3041 2806 2964 2792 2770 2897 2893 2885 3047 3065 3000 2966 2942 3018 3059 3299 2951 3099 2983 2884 2882 3015 3094 3124 2709 3001 2511 3099 3014 3103 2953 2561 
3076 3484 3315 2937 3309 3549 3399 3050 3336 3166 3217 3269 3597 3085 2994 3594 3116 3433 3471 3231 2904 3039 3287 3294 3356 3150 3102 3456 3366 3339 3308 3381 3048 3043 3155 3535 3178 3405 3140 3033 3442 2961 3375 3249 3279 3412 3197 3064 3368 3146 3454 3360 3038 3525 3467 3352 3279 3003 3091 2994 3061 2862 3374 2971 3246 3593 3116 3435 3109 3017 3315 3195 3164 3440 3097 3177 3422 3233 3082 3320 3209 3289 3520 3604 3212 3564 3309 3059 3041 3220 3364 3325 3103 3262 2991 3435 3445 3451 3246 2947 
2841 3256 3249 2924 3085 3328 3321 2990 3214 2814 3046 3244 3255 2963 2889 3294 2883 3231 3119 3070 2875 3028 3107 2851 2961 3011 2868 3224 3002 3187 3191 3218 2810 3057 2853 3427 2876 3074 2927 2916 3082 2770 3217 3035 3102 2918 3033 2781 3372 2985 3445 3364 2834 3278 3164 3256 2993 2857 3003 2833 2783 2566 3296 2747 2950 3300 2812 3158 3088 2774 3115 3006 3127 3091 2988 3002 3077 3091 2944 3130 2982 3275 3201 3296 3104 3271 3025 2920 3027 3222 3124 3242 2977 3088 2732 3129 3253 3196 2885 3055 
2838 3307 3221 3001 3258 3411 3271 3094 3296 2977 3252 3345 3426 3037 2991 3516 2983 3197 3263 3317 2843 3022 3121 3200 3042 3119 2908 3382 3212 3203 3293 3238 2888 3034 2963 3497 2928 3183 3103 2924 3274 2699 3299 3096 3215 3246 3225 3043 3413 3114 3451 3412 2933 3251 3241 3173 3054 2719 2980 2839 2851 2525 3263 2849 3040 3473 3110 3119 2969 2789 3123 2916 3062 3183 3025 3078 3236 3108 3115 3290 3007 3290 3238 3247 3099 3385 3076 2873 2984 3373 3322 3329 2983 3138 2668 3346 3255 3171 3180 2922 
3015 3389 3208 3073 3354 3445 3394 3182 3469 2984 3291 3262 3691 3111 2927 3701 3040 3309 3503 3280 2838 3061 3271 3266 3163 3197 3038 3411 3314 3380 3288 3285 2869 3128 3168 3509 3160 3324 3078 3093 3340 2814 3237 3023 3203 3183 3293 2972 3454 3173 3570 3444 2949 3372 3419 3315 3291 3101 3199 3042 2936 2880 3236 2999 3222 3514 3164 3215 3108 2957 3216 3042 3099 3303 3090 3101 3243 3216 2984 3300 3109 3392 3508 3358 3186 3685 3258 3114 3163 3280 3235 3441 2889 3331 2712 3255 3227 3315 3143 3073 
2701 2941 2739 2528 2689 3024 2868 2687 2957 2670 2734 3015 3305 2680 2547 3049 2564 3019 2944 2716 2406 2662 2629 2641 2769 2688 2658 2852 2744 2801 2924 2969 2585 2673 2811 2975 2676 3030 2594 2574 2913 2510 2852 2829 3004 2775 2800 2634 3023 2631 2887 2993 2575 2817 3001 2686 2692 2514 2790 2548 2540 2464 2983 2598 2739 2888 2758 2800 2651 2454 2848 2564 2660 2822 2644 2693 2741 2741 2626 2687 2588 2812 2975 3068 2780 3062 2931 2504 2687 2917 2759 2878 2503 2893 2436 2925 2898 2920 2847 2514 
2738 3226 2941 2771 3097 3242 3197 2988 3245 2980 2990 3094 3404 2845 2906 3417 2994 3099 3214 3186 2713 2927 3076 3218 2974 3068 2932 3259 3138 3037 3121 2918 2842 2893 2912 3376 3067 3085 2965 3014 3129 2717 3188 3120 2997 3065 3123 2907 3215 3224 3265 3423 2829 3385 3230 3102 3003 2837 2957 2729 2892 2585 3213 2888 3052 3337 2755 3123 2849 2680 2948 2957 3089 3125 2989 3003 3037 3069 2845 3208 2825 3193 3381 3333 3040 3377 2953 2880 3072 3215 3107 3179 2897 3080 2863 3339 3171 3280 3037 2837 
3255 3631 3216 3039 3481 3641 3488 3162 3385 3169 3260 3415 3682 3374 3106 3812 3172 3414 3470 3568 2974 3115 3350 3370 3157 3222 3111 3494 3319 3540 3432 3462 3111 3168 3280 3541 3127 3444 3304 3043 3468 2926 3367 3342 3337 3475 3307 3056 3608 3150 3578 3760 3178 3383 3466 3293 3414 3229 3245 3112 3197 3035 3475 3103 3324 3459 3297 3338 3273 3157 3382 3154 3235 3265 3176 3116 3402 3436 3290 3541 3226 3511 3512 3551 3413 3736 3483 3096 3017 3460 3391 3515 3167 3311 2863 3536 3402 3605 3247 2987 
2705 3001 2896 2616 2968 3076 3121 2907 3008 2712 2919 3041 3113 2566 2590 3124 2599 2908 3024 2948 2491 2815 2820 2927 2801 2840 2725 2932 2918 3008 2976 2777 2572 2726 2688 3167 2916 2750 2758 2852 2737 2419 2862 3018 2783 2802 2877 2859 3039 2955 2983 3017 2691 3140 2924 2836 2879 2539 2823 2628 2826 2418 2932 2588 2809 3219 2617 2951 2762 2582 2793 2930 2874 3022 2683 2826 2979 2857 2697 2973 2926 3007 3250 2978 2898 3176 2804 2712 2767 2968 2934 2910 2593 2806 2441 3122 2828 2974 2707 2737 
2761 2831 2997 2571 2852 3074 3079 2911 2827 2816 2811 2915 3090 2633 2615 3027 2787 2830 2940 2822 2391 2688 2866 2765 2834 2839 2562 2861 2766 2846 2967 2976 2587 2842 2749 3048 2683 2695 2681 2745 2693 2476 2783 2816 2823 2879 2887 2607 2895 2869 2952 3125 2534 2989 3008 2917 2935 2507 2817 2444 2632 2491 2987 2596 2826 3152 2690 2850 2710 2609 2948 2611 2850 2757 2662 2878 2920 2799 2761 2941 2644 2922 2992 3083 2850 2957 2650 2556 2691 2739 2923 3042 2709 2874 2449 2996 2982 2959 2749 2522 
2777 3277 3089 2842 3102 3150 3142 2863 3170 2911 2925 3058 3376 2890 2821 3359 2772 3128 3115 3071 2632 2988 2980 3033 2928 3076 2922 3168 3203 3307 3129 3062 2707 2827 2930 3277 2975 3037 2829 2866 3103 2746 3115 3053 3112 3080 3067 2742 3244 2960 3411 3351 2813 3167 3225 2980 2974 2632 3010 2733 2949 2680 3137 2669 2996 3367 2835 2955 2992 2684 3086 2887 2938 3136 2883 2914 3197 3091 2924 3049 2836 3175 3264 3251 3048 3209 3047 2870 2946 3208 3086 3176 2817 3031 2582 3107 3084 3104 2951 2921 
2782 3089 2850 2803 3098 3137 2874 2807 3025 2778 2759 3038 3186 2719 2712 3115 2898 3111 3130 2977 2595 2797 2951 2963 2830 2851 2567 3051 2907 3107 3034 3045 2575 2764 2810 3208 2722 2919 2808 2727 2846 2450 2915 2857 2812 2998 2784 2631 3319 2783 3020 3136 2619 3111 3143 2943 2938 2561 2891 2688 2667 2553 3034 2727 2926 3010 2708 2896 2743 2718 2974 2834 2743 2995 2814 2724 2762 2948 2717 3034 2765 3140 3021 3042 2885 3128 2948 2761 2925 2924 2912 3002 2660 2882 2365 2990 2948 3005 2771 2876 
2858 3022 2939 2718 3038 3111 3182 2862 3117 2790 2891 3090 3265 2753 2762 3172 2823 3102 3053 2935 2506 2860 2831 2880 2949 2825 2846 3055 2919 3076 2994 2845 2753 2915 2783 3178 2852 3108 2879 2743 3031 2459 2785 2891 2946 3063 2766 2956 2977 2791 3101 3096 2747 3133 3076 2973 2867 2686 2766 2781 2602 2648 3095 2667 2963 3058 2643 2876 2758 2507 2896 2668 3063 2974 2798 2667 2958 2927 2779 3046 2824 3101 3176 3100 2932 3254 2920 2804 2767 2989 2911 3093 2689 2972 2594 3047 2869 3206 2873 2687 
3012 3136 2981 2894 3207 3326 3302 2983 3148 2838 3065 3187 3276 2841 2849 3351 2880 3181 3217 3167 2668 3049 3100 3018 3042 3028 2872 3193 3049 3158 3217 3145 2826 2877 3088 3357 2972 3261 2993 3040 3230 2721 3048 3056 3083 3127 3167 2989 3359 3062 3121 3328 2705 3212 3240 3056 3136 2842 2916 2902 2908 2625 3122 2807 3102 3312 3051 3064 3078 2866 3231 3019 3035 3085 2855 2971 3123 3057 2831 3198 3009 3055 3355 3279 3097 3329 3012 2951 2878 3053 3119 3155 2866 3115 2690 3265 3290 3137 2888 2886 
3092 3424 3320 3060 3289 3539 3424 3243 3590 3213 3329 3615 3611 3052 3139 3600 3153 3537 3482 3338 2984 3403 3239 3165 3047 3457 3231 3378 3439 3355 3401 3530 3071 3288 3198 3591 3277 3469 3047 3311 3416 3015 3307 3571 3456 3401 3337 3272 3519 3366 3508 3734 2884 3464 3420 3265 3247 2835 3127 3016 3156 2733 3509 3036 3319 3661 3166 3282 3188 2996 3303 3242 3483 3537 3151 3198 3463 3368 3142 3430 3306 3339 3519 3529 3261 3638 3209 3268 3317 3487 3404 3483 3046 3357 2986 3497 3630 3393 3405 3094 
2909 3335 3044 2860 3114 3387 3349 3089 3236 2844 3175 3229 3400 2845 3057 3464 2954 3314 3379 3143 2764 3000 3255 3068 3057 3140 2907 3306 3069 3161 3036 3236 2915 3077 2927 3499 3085 3112 2957 3124 3244 2950 3295 3123 3130 3099 3287 2991 3320 3090 3362 3307 2908 3426 3237 3150 2912 2736 3091 3011 2777 2764 3262 2913 3079 3293 2896 3126 2959 2871 3197 2864 3158 3121 3129 3020 3106 3144 3061 3188 3002 3175 3229 3348 3244 3435 3213 2987 3091 3051 3246 3358 2918 3102 2793 3322 3308 3401 2967 2871 
2879 3171 3096 2825 3196 3422 3248 2982 3228 2897 2992 3038 3380 2787 2987 3393 2966 3231 3149 3247 2631 3035 2934 2956 3000 3109 2809 3089 2962 3112 3145 3031 2711 2988 2869 3258 2797 3059 2886 2844 3026 2836 2960 3116 3118 3049 2943 3015 3372 2872 3298 3384 2804 3127 3182 3026 2980 2859 2934 2962 2927 2605 3093 2933 3003 3292 3101 3125 2982 2938 3001 2870 3003 3098 2754 3024 3075 3060 2846 3024 2988 3201 3271 3158 3106 3290 3015 2871 3046 3316 3162 3178 2904 3100 2810 3085 3154 3245 2994 2893 
2601 3059 3102 2835 3137 3207 3094 2766 3012 2793 2921 3181 3223 2884 2790 3343 2987 3049 3014 2950 2589 2862 2965 2794 2851 3007 2762 2991 2925 3054 3070 3045 2721 2753 2598 3215 2726 2926 2761 2807 2915 2600 2821 2982 2897 2985 2911 2909 3151 2905 3262 3243 2603 3001 3063 2847 2825 2677 2862 2706 2781 2508 3098 2551 2865 3154 2716 2752 2880 2654 3059 2687 2984 2836 2649 2851 3092 3007 2801 2966 2715 3062 3063 3093 2945 3018 2907 2844 2754 3147 3059 3104 2746 2860 2628 2982 3003 3078 2841 2696 
3008 3448 3464 3077 3304 3543 3477 3062 3421 3212 3214 3492 3653 3178 2950 3747 3184 3426 3476 3368 2974 3136 3300 3238 3233 3267 3049 3539 3261 3462 3524 3426 2920 3105 3124 3605 3029 3312 3101 3065 3241 2846 3289 3226 3375 3242 3445 3162 3477 3105 3519 3571 2892 3521 3500 3429 3361 3156 3229 3025 3165 2855 3473 3083 3205 3477 3280 3254 3227 3039 3260 2962 3315 3353 3203 3312 3437 3292 3141 3382 3158 3444 3331 3587 3438 3604 3271 3083 3158 3428 3309 3645 3069 3385 2956 3521 3419 3330 3420 3064 
3108 3432 3117 3063 3280 3412 3512 3226 3304 2948 3356 3486 3392 3214 2968 3560 3027 3433 3632 3261 2799 3058 3373 3181 3140 3232 2977 3443 3385 3345 3347 3366 2989 3119 3034 3677 3146 3347 3396 3168 3274 2983 3303 3261 3266 3287 3325 3162 3395 3228 3430 3538 2960 3520 3225 3364 3171 2900 3128 3062 2932 2891 3520 2973 3225 3462 3155 3131 3103 2930 3182 3128 3271 3274 3148 3001 3351 3394 3244 3227 3235 3390 3470 3443 3292 3567 3218 3146 3005 3209 3385 3513 3015 3324 2788 3288 3332 3452 3207 3050 
2959 3168 3381 2992 3367 3504 3313 3141 3224 3169 3319 3259 3617 3099 3094 3625 3158 3374 3311 3278 2947 3087 3215 3107 3045 3225 2960 3253 3252 3276 3380 3270 3117 3314 3205 3321 3019 3258 3031 2974 3194 2828 3085 3098 3301 3305 3382 2937 3417 3002 3462 3443 2932 3331 3458 3213 3268 2960 3114 3016 3102 2705 3295 3056 3249 3491 3219 3289 3151 3064 3236 2859 3244 3306 3064 3263 3231 3251 3112 3431 3114 3300 3333 3417 3124 3604 3191 3077 3089 3399 3337 3554 2942 3272 2844 3403 3573 3322 3157 3032 
3165 3472 3297 3086 3530 3615 3426 3259 3383 3095 3400 3314 3677 3260 3195 3643 3157 3458 3423 3413 2986 3097 3395 3439 3176 3404 3057 3369 3372 3422 3410 3486 3146 3159 3268 3701 3257 3400 3215 3092 3427 2980 3414 3236 3447 3409 3389 3167 3582 3302 3566 3753 3224 3477 3555 3334 3390 2880 3260 3130 3241 2894 3445 3217 3290 3681 3231 3360 3218 3125 3336 3200 3287 3408 3162 3195 3328 3273 3182 3433 3203 3363 3607 3549 3329 3638 3360 3130 3146 3343 3424 3566 3137 3422 3009 3479 3495 3536 3363 3162 
2950 3369 3066 3131 3268 3581 3175 2941 3377 3095 3310 3296 3414 3011 3111 3548 3018 3387 3312 3360 2973 3135 3226 3273 3029 3284 3063 3528 3248 3226 3428 3260 3102 2954 3138 3483 3199 3306 3071 3084 3289 2862 3142 3271 3176 3122 3267 3172 3324 3212 3414 3464 2887 3423 3375 3169 3081 2929 3132 3069 3016 2730 3460 3005 3228 3463 3177 3325 3205 2851 3222 3128 3235 3270 3005 3195 3272 3216 3001 3307 3114 3408 3440 3480 3257 3401 3266 3119 3107 3337 3279 3327 2959 3220 3021 3343 3308 3398 3186 3060 
2937 3432 3096 2883 3212 3513 3294 2992 3250 3057 2972 3139 3557 2887 2898 3518 3020 3188 3345 3225 2752 2980 3108 3148 2943 3082 2907 3361 3019 3341 3199 3132 2858 3025 3056 3481 2996 3151 2904 2904 3242 2716 3222 3127 3136 3020 3209 2883 3300 3040 3288 3501 2862 3398 3257 3104 3368 2970 3096 2921 3098 2763 3274 3001 3027 3277 2966 3226 3181 2897 3083 2963 3148 3034 2940 3168 3280 3158 3012 3259 2999 3191 3279 3402 3331 3394 3213 2954 2984 3251 3211 3390 3145 3198 2730 3303 3154 3322 3163 2854 
2941 3393 3094 3108 3178 3388 3389 3047 3319 2840 3258 3319 3586 3063 3063 3700 3099 3272 3330 3211 2849 3131 3160 3188 2978 3123 3166 3316 3202 3277 3160 3164 3059 2999 3111 3552 3142 3311 3062 3080 3197 2832 3294 3207 3160 3166 3229 3057 3312 3196 3426 3486 2949 3386 3316 3178 3211 3205 3161 2950 2960 2628 3369 3038 3151 3449 3060 3164 3189 2921 3153 3022 3050 3223 3098 3179 3219 3266 3113 3362 3160 3317 3383 3457 3194 3620 3150 3137 2998 3312 3319 3341 2987 3090 2813 3352 3111 3404 3177 3020 
2907 3214 2944 2947 3110 3110 3087 3005 2945 2672 2981 3157 3317 2914 2829 3303 2842 3069 3114 3160 2613 2906 3016 3058 3020 2989 2888 3276 2994 3075 3080 2999 2814 2661 3066 3328 2749 3128 2904 2720 3103 2738 3002 2806 3032 2956 3003 2754 3239 3019 3200 3093 2680 3067 3224 2949 3100 2918 2962 2774 2706 2595 3003 2846 2965 3199 3097 2997 3021 2866 3185 2631 2897 2961 2844 2864 3081 2938 2989 3002 2782 3126 3117 3204 3061 3195 3043 2756 2810 2970 3090 3204 2829 2931 2760 3152 3099 3210 2917 2839 
2735 3016 2840 2782 3038 3273 3063 2885 3062 2776 2842 3069 3243 2748 2837 3309 2804 3094 3138 3011 2554 2879 2890 2846 2847 3000 2715 2815 2960 2946 3110 2915 2740 2827 2763 3121 2852 2983 2773 2569 2846 2578 2909 2905 2921 2864 2911 2668 3203 2898 3134 3173 2731 3104 3111 3009 3020 2756 2841 2674 2745 2466 3141 2666 2884 3230 2894 2964 2878 2663 3074 2655 2856 2879 2744 2935 2890 2943 2872 2974 2919 3034 3054 3081 3052 3318 2848 2680 2795 3134 3025 3111 2745 2898 2639 3025 2992 3016 2833 2678 
2886 3160 3238 2661 3326 3412 3350 3094 3314 3012 3038 3138 3476 2895 2933 3461 2970 3225 3223 3093 2541 3063 3071 2941 3181 3031 2959 3048 3228 3251 3235 3191 2855 3020 2997 3331 2859 3163 3006 2834 3134 2836 3176 3064 3207 3328 3163 2878 3398 3079 3417 3357 2931 3101 3306 3196 3154 2703 2931 2893 2808 2693 3203 2807 3003 3277 2903 3091 2745 2881 3151 2939 3062 3153 3178 2956 3077 3181 2928 3150 2982 3214 3245 3327 3143 3558 3026 2823 3067 3151 3094 3247 2880 3136 2682 3265 3224 3233 3010 2743 
3023 3278 3216 2877 3338 3649 3362 3061 3292 3209 3323 3236 3488 2992 3015 3485 3121 3215 3412 3263 2979 3061 3333 3186 3040 3185 2816 3220 3203 3291 3476 3306 2922 3041 3062 3448 3080 3146 3075 3066 3247 2740 3222 3363 3165 3345 3325 3129 3438 3292 3472 3486 2930 3416 3484 3234 3231 2937 3138 3071 3014 2704 3419 3063 3116 3459 2971 3386 3126 2950 3225 3115 3206 3155 3156 3244 3154 3286 2912 3434 2986 3404 3489 3467 3261 3551 3150 3078 3084 3238 3394 3435 3000 3434 2880 3515 3335 3390 3047 3009 
3185 3557 3475 3166 3494 3632 3647 3298 3468 3296 3413 3584 3747 3161 3335 3809 3245 3403 3543 3626 3151 3349 3506 3321 3370 3517 3076 3633 3395 3645 3591 3626 3011 3378 3193 3655 3353 3343 3184 3282 3547 2991 3322 3389 3503 3430 3534 3221 3528 3328 3679 3706 3005 3484 3517 3370 3351 3068 3291 3078 3173 2892 3623 3032 3490 3736 3279 3486 3334 3128 3515 3360 3454 3408 3190 3348 3534 3510 3333 3652 3309 3413 3567 3685 3476 3593 3402 3244 3378 3404 3555 3652 3045 3346 2997 3498 3604 3491 3264 3247 
2566 3013 2965 2500 2988 2935 3190 2780 2986 2648 2705 2818 3117 2685 2552 3155 2857 3026 2947 2760 2333 2701 2869 2848 2877 2658 2708 2998 2877 3003 3011 2864 2488 2765 2668 3228 2662 2723 2774 2745 2737 2550 2958 2767 2615 2894 2885 2693 3001 2805 3139 3030 2644 3049 2978 2834 2905 2711 2803 2580 2535 2603 2912 2573 2703 3093 2669 2847 2589 2599 2822 2831 2837 2787 2854 2843 2961 2791 2769 2968 2807 2977 3006 3041 2923 3117 2752 2507 2644 2911 2913 2951 2630 2688 2397 3055 2952 3066 2788 2612 
3283 3699 3425 3233 3567 3789 3698 3514 3603 3277 3460 3676 3879 3461 3190 3774 3236 3635 3634 3515 3120 3251 3409 3448 3430 3476 3196 3574 3448 3662 3489 3668 3257 3326 3595 3804 3302 3480 3315 3183 3526 3088 3500 3524 3495 3367 3662 3259 3726 3396 3640 3785 3269 3734 3499 3502 3571 3252 3412 3166 3230 3007 3540 3329 3316 3648 3342 3476 3395 3317 3589 3265 3575 3460 3362 3365 3539 3444 3456 3469 3429 3567 3691 3605 3605 3838 3558 3327 3172 3563 3529 3674 3270 3412 2993 3620 3503 3667 3417 3173 
2557 2977 2713 2769 2870 3173 2984 2808 2956 2637 2925 2931 3210 2672 2621 3053 2761 2925 2828 2886 2431 2716 2707 2885 2778 2714 2657 3035 2758 2931 3058 2860 2630 2688 2586 3168 2628 2723 2620 2769 2847 2482 2970 2646 2726 2837 2827 2604 3005 2804 3002 3113 2531 3063 3018 2769 3088 2527 2916 2539 2639 2451 2933 2649 2824 2923 2676 2813 2784 2525 2880 2592 2851 2918 2750 2783 2931 2724 2728 2945 2666 2930 3037 2827 2950 3041 2725 2632 2678 2906 2911 3159 2786 2749 2451 2966 2979 3065 2734 2625 
2235 2598 2550 2286 2595 2561 2580 2438 2549 2426 2544 2584 2849 2399 2345 2816 2405 2634 2640 2485 2045 2499 2483 2388 2473 2472 2316 2632 2729 2621 2700 2440 2306 2415 2392 2696 2414 2479 2430 2298 2419 2248 2452 2335 2659 2653 2574 2392 2647 2329 2693 2685 2366 2516 2602 2405 2416 2323 2402 2389 2279 2187 2730 2417 2432 2650 2331 2350 2407 2220 2377 2280 2522 2377 2490 2411 2591 2491 2441 2514 2490 2592 2607 2771 2464 2759 2464 2342 2354 2554 2491 2744 2279 2571 2052 2548 2574 2559 2481 2277 
2674 3091 2797 2806 2962 3059 3000 2930 3092 2636 2977 3091 3264 2921 2911 3255 2709 2967 3035 2994 2495 2843 2896 2836 2817 3128 2742 3010 2839 3027 3074 2898 2662 2676 2757 3361 2840 2908 2855 2801 2942 2615 2813 3007 2942 2896 2945 2692 3084 2826 3042 3310 2639 2930 3045 2857 2990 2699 2998 2745 2850 2567 3094 2670 2982 3171 2765 2981 2881 2664 3019 2700 2854 2784 2788 2721 3055 3031 2868 2965 2793 3005 3147 3167 3078 3090 2873 2763 2776 3052 2985 3016 2772 2933 2626 2927 3056 3044 2903 2619 
3203 3351 3332 3021 3459 3735 3456 3277 3556 3139 3243 3564 3596 3126 3248 3558 3238 3444 3408 3544 2973 3292 3340 3269 3439 3430 3072 3292 3262 3349 3544 3484 3017 3225 3285 3486 3171 3271 3016 3160 3446 2886 3436 3232 3342 3395 3398 3047 3594 3305 3521 3570 3106 3439 3488 3350 3517 3015 3271 3126 3101 2920 3453 3076 3237 3590 3271 3641 3198 3073 3463 3165 3346 3202 3153 3232 3378 3177 3121 3412 3130 3605 3458 3630 3325 3598 3369 3125 3250 3452 3582 3611 3168 3429 2936 3583 3462 3600 3183 3065 
2723 3088 3091 2795 3084 3111 3241 2871 3118 2727 2876 3145 3180 2914 2633 3286 2956 3090 3111 2928 2635 2814 2931 2892 3071 2954 2742 3123 2967 3187 3009 3048 2672 2850 2754 3331 2777 3029 2829 2859 2935 2499 3054 3058 3018 2927 2996 2760 3151 2849 3207 3156 2625 3218 3080 3001 2882 2678 2870 2703 2703 2738 3106 2659 2907 3116 2705 2910 2909 2720 2968 2803 3182 2839 2787 2794 3025 2944 2814 3018 2826 3080 3040 3133 2906 3242 2896 2815 2701 2940 2989 3034 2717 2964 2547 3012 2856 2954 2746 2735 
2550 2996 2818 2627 2833 3097 2998 2636 3118 2746 2841 2987 3232 2622 2572 3212 2699 2949 2948 2816 2534 2762 2855 2774 2895 2703 2636 2956 2868 2978 3040 2933 2441 2652 2648 3111 2814 2854 2664 2777 2817 2616 2856 2903 2878 2776 2874 2681 3205 2776 3065 3064 2621 3131 2980 2752 2816 2650 2918 2522 2582 2521 3184 2564 2724 3057 2695 2866 2618 2559 2852 2725 2855 2917 2740 2736 2927 2901 2608 2984 2860 2944 3129 3043 2885 3139 2820 2717 2770 2862 2814 3036 2627 2860 2406 3056 3003 3120 2679 2574 
2795 2931 2841 2748 2906 3077 2980 2654 2934 2729 2953 3003 3039 2818 2722 3224 2706 2963 2942 2941 2725 2858 2897 2792 2695 2935 2685 3062 2899 2992 3117 2941 2724 2614 2784 3122 2726 2905 2584 2795 2985 2554 2895 2871 2938 2853 2998 2821 3115 2866 3238 3156 2487 2911 3039 2775 2893 2645 2808 2638 2851 2520 3039 2681 2769 3149 2802 2832 2927 2592 2955 2689 2946 3022 2573 2950 3049 2815 2799 2971 2829 2984 3037 3011 2956 3001 2919 2672 2655 3007 3076 3061 2697 2833 2489 3013 3030 2908 2807 2693 
2933 3443 3332 2959 3330 3468 3394 3283 3190 3059 2993 3356 3601 3064 2895 3600 3126 3429 3181 3295 2719 3041 3118 3204 3193 3171 2854 3230 3224 3269 3310 3307 2863 3158 3153 3380 2944 3174 3221 2966 3212 2757 3362 3244 3317 3251 3272 2939 3556 3092 3462 3341 3049 3480 3354 3272 3137 2855 3041 2937 3121 2889 3444 3148 3096 3383 3082 3108 3002 3097 3242 3006 3235 3037 3080 3148 3264 3108 3148 3256 3130 3399 3306 3405 3237 3606 3240 2908 3112 3206 3369 3496 2848 3263 2904 3270 3333 3224 3185 2961 
2811 3237 3106 2877 2964 3361 3288 2900 3401 2938 2989 3238 3365 2658 2852 3389 2853 3144 3098 3186 2722 3039 3009 3037 2918 3017 2846 3143 2919 3115 3210 3012 2626 2896 2646 3275 2940 3057 2792 2941 3181 2622 3053 3187 3018 3046 3007 2826 3136 3025 3167 3325 2693 3335 3049 3073 3050 2792 2879 2850 2882 2555 3188 2731 2983 3321 2846 3130 2992 2663 3027 2939 3081 3101 2837 3144 3106 2887 2773 3222 2825 3232 3306 3237 3101 3270 2994 2977 3009 3154 3080 3280 2847 3161 2756 3167 3137 3200 2951 2955 
2796 3110 3062 2919 3223 3242 3209 2973 3027 2794 2999 3056 3236 2977 2865 3356 2865 3244 3175 3320 2638 2912 3135 3041 2975 2974 2749 3057 3202 3310 3233 3016 2665 2817 2948 3323 2894 2985 3023 2908 3025 2671 3139 2883 3071 3134 3234 2891 3398 3188 3337 3307 2733 3243 3361 2994 3002 2734 2994 2987 2947 2650 3221 2828 2886 3352 2924 2929 2931 2795 3019 2797 2839 2931 2901 2979 3024 3123 2894 3164 2883 3154 3200 3314 3106 3246 2994 2863 2928 3097 3223 3308 2842 3094 2493 3165 3021 3185 2927 2878 
2876 3439 3209 3077 3277 3395 3446 3081 3374 3006 3337 3257 3642 3126 3064 3646 3016 3380 3289 3321 2985 3040 3296 3163 3032 3152 3170 3528 3386 3353 3304 3260 2999 3138 3074 3459 2985 3259 3128 3080 3476 2900 3205 2983 3138 3185 3339 2939 3374 3137 3595 3599 3003 3356 3481 3256 3144 2946 3103 3037 2934 2775 3228 2807 3147 3576 3041 3123 3115 2900 3158 3070 3177 3490 3154 3149 3285 3279 3192 3417 3069 3203 3413 3396 3197 3519 3274 2980 3132 3267 3293 3462 3026 3113 2834 3303 3396 3233 3144 2990 
3058 3519 3320 3047 3357 3657 3529 3120 3479 3274 3322 3460 3676 3165 3285 3787 3275 3310 3500 3482 3050 3227 3398 3312 3262 3317 3128 3469 3307 3488 3415 3420 3111 3220 3192 3638 3030 3468 3162 3279 3432 2847 3418 3454 3407 3443 3407 3171 3553 3219 3675 3580 2980 3440 3394 3322 3330 3104 3363 3135 3078 2913 3537 2988 3398 3566 3211 3437 3314 3116 3419 3120 3337 3373 3181 3352 3403 3396 3337 3510 3283 3472 3495 3489 3368 3565 3358 3176 3111 3407 3498 3521 3235 3306 3015 3449 3388 3346 3240 2997 
2715 3385 3186 2950 3265 3346 3315 2909 3308 2899 3057 3171 3503 2809 2906 3680 2970 3286 3215 3158 2718 3119 3138 3067 2875 3110 3055 3194 3187 3219 3149 3186 2753 2902 2886 3541 2979 3095 2920 2963 3266 2774 3371 2921 3218 3118 3231 2880 3367 3258 3420 3338 2773 3181 3308 3227 3086 2950 3093 2794 2842 2725 3239 2901 2921 3230 2862 3024 2984 2958 3079 3092 2840 3167 3113 3073 2993 2965 3011 3321 2868 3254 3291 3298 3135 3429 3054 3011 3053 3085 3247 3299 3054 2974 2755 3196 3036 3226 3088 2829 
2559 3064 2824 2510 2995 3035 2995 2756 2847 2723 2825 3010 3086 2847 2688 3239 2776 2820 3041 2807 2338 2587 2778 2832 2799 2791 2587 3057 2823 2930 3066 2825 2598 2626 2604 3036 2673 2768 2695 2589 2871 2535 2787 2688 2697 2900 2836 2674 2894 2677 3098 3095 2728 2854 2856 2870 2854 2606 2758 2743 2570 2546 2970 2536 2776 3022 2872 2605 2665 2574 2917 2560 2817 2748 2560 2713 2956 2727 2879 2901 2721 2975 3061 3067 2946 3021 3011 2510 2539 2879 2926 3146 2594 2880 2602 2817 2988 2938 2741 2578 
2585 3058 2857 2773 2895 3040 2900 2749 2826 2623 2826 2845 3032 2663 2674 3044 2630 2899 2834 2974 2445 2852 2808 2916 2859 2785 2640 3066 2813 2954 2982 2803 2556 2636 2730 3071 2506 2762 2757 2779 2876 2546 2873 2699 2715 2848 2778 2668 3138 2762 3086 2968 2534 2948 2867 2856 2855 2507 2686 2622 2746 2362 2923 2574 2653 2921 2765 2875 2755 2647 2945 2754 2779 2860 2698 2763 2925 2723 2746 2796 2596 3003 3003 3009 2824 2907 2799 2665 2700 2855 2929 2910 2749 2718 2535 2817 2915 2917 2711 2718 
2868 3176 3049 2786 3130 3229 3171 2921 3327 2740 2851 3160 3312 2813 2938 3462 2879 3290 3217 3031 2726 2973 3109 2965 2875 3002 2929 3199 2942 2964 3094 3037 2806 2846 3067 3297 2920 3051 2784 2738 3106 2762 3163 2872 3001 2833 3091 2682 3277 2880 3152 3288 2889 3181 3102 3045 3213 2743 3068 2826 2911 2681 3096 2749 3172 3477 3013 3053 2940 2817 3053 2851 2978 2875 2775 3009 3096 2845 2978 3059 2874 3218 3128 3263 3093 3191 3002 2772 2855 3252 3186 3311 3003 3002 2734 3348 3228 3316 2979 2893 
2545 2960 2644 2594 2631 2749 2768 2751 2731 2547 2845 2785 3036 2578 2378 2941 2546 2748 2777 2776 2301 2703 2606 2661 2718 2618 2434 2954 2767 2845 2771 2735 2494 2721 2504 2871 2532 2693 2587 2659 2800 2329 2762 2662 2608 2603 2635 2469 2772 2638 2855 2899 2439 2915 2755 2652 2661 2486 2582 2480 2364 2303 2824 2517 2587 2822 2403 2701 2494 2476 2580 2543 2809 2717 2584 2699 2740 2648 2584 2723 2627 2588 2981 2808 2580 2906 2597 2556 2654 2676 2731 2840 2443 2674 2411 2531 2775 2742 2599 2429 
2881 3304 3255 2803 3352 3280 3303 3017 3189 2889 3106 3101 3393 2838 2903 3508 3043 3272 3267 3262 2769 3191 3150 3179 3146 3152 3010 3205 3185 3324 3095 3210 2829 3150 3203 3389 3071 3097 2992 3004 3187 2847 3234 3116 3187 3220 3289 2948 3468 3012 3384 3374 2831 3185 3110 3185 3070 2871 3034 2990 2924 2789 3239 2865 3072 3343 3038 3166 2817 2978 3165 3017 3279 3071 3102 3022 3251 3127 2902 3361 3091 3318 3329 3294 3089 3457 3180 3008 2896 3113 3219 3279 2914 3029 2847 3276 3282 3386 2992 2835 
2668 3129 3118 2715 3232 3196 3226 2885 3107 2820 3136 3117 3410 2874 2869 3463 2992 3069 3137 3010 2684 2701 2903 3090 2809 3043 2923 3180 3000 3133 2987 3141 2748 2955 2871 3385 2750 2979 2807 2877 3170 2578 3085 2940 3034 3118 3101 2885 3122 2887 3267 3225 2724 3175 3022 3032 2986 2666 2871 2721 2857 2704 3059 2700 2881 3116 2824 2985 2892 2839 2912 2828 3104 3110 2843 2999 3042 3025 2972 3186 2950 3184 3134 2986 3036 3279 3001 2953 2829 2978 3152 3225 2874 2893 2622 3115 3127 3209 2955 2813 
2556 3061 2895 2572 3011 3095 3058 2909 2946 2740 2984 2989 3220 2796 2596 3319 2765 2949 3054 2865 2533 2782 2892 2685 2752 2875 2619 2941 2794 3034 3007 2843 2705 2758 2661 3263 2745 2682 2771 2679 2885 2600 2950 2790 2838 2959 2972 2731 3053 2893 3072 3050 2614 3022 3050 2927 2909 2755 2893 2634 2702 2479 2990 2701 2797 3151 2918 2842 2837 2631 2893 2737 2854 2806 2943 2873 3016 2893 2819 3071 2899 2934 3060 3256 2939 3212 2885 2618 2802 3011 2968 3118 2688 2679 2596 2920 3103 3050 2816 2718 
2790 3164 3081 2742 3072 3098 3137 3047 3006 2824 3086 3128 3468 2923 2679 3402 2862 3074 3005 3125 2697 3030 2995 2956 3074 3004 2803 3249 2971 3223 3102 3092 2790 3052 3098 3245 2862 3037 2832 3063 3006 2640 3158 3155 3065 3007 3227 2805 3183 2864 3224 3245 2715 3222 3151 2985 3079 2711 2980 2772 2784 2576 3325 2857 3109 3341 2994 3202 2854 2760 3136 2873 3133 3035 2953 2995 3235 3078 2860 3147 2816 3179 3151 3220 3059 3442 2973 2840 3023 3165 3174 3206 2756 3007 2635 3213 3261 3177 3079 2895 
2874 3216 2962 2831 3303 3448 3275 2888 3152 2904 3182 3149 3427 2867 2923 3456 2925 3179 3165 3208 2785 2891 3205 3170 2988 3127 2838 3107 3105 3326 3220 3179 2805 2889 2929 3299 2996 3018 2820 2904 2999 2737 3198 3172 3096 3031 3064 2815 3322 3056 3516 3246 2792 3116 3253 2935 3181 2778 2914 2827 3010 2736 3293 2873 3037 3400 2877 3218 3090 2826 3116 2990 3115 3083 2893 3135 3209 3134 2922 3097 2994 3188 3162 3217 2992 3345 3230 2852 2944 3188 3136 3223 2815 3123 2622 3305 3158 3202 2883 2830 
2917 3234 3063 2895 3133 3421 3327 2987 3309 2897 3073 3186 3463 3014 3008 3486 2996 3213 3255 3168 2792 3010 3172 2929 3039 3097 2936 3180 3139 3198 3222 3242 2854 2943 3145 3380 2915 3158 2981 3121 3311 2713 3146 3144 3106 3148 3265 2901 3389 3048 3443 3378 2799 3358 3155 3246 3188 2901 2937 2939 2971 2682 3201 2912 3041 3346 2979 3042 2974 2950 2971 3090 3046 3090 3045 3090 3262 3288 2990 3135 3122 3304 3220 3252 3145 3473 3085 3033 2998 3165 3381 3226 2915 3177 2662 3154 3294 3237 3086 2742 
2703 3143 2988 2898 2954 3334 3090 2924 3012 2788 3040 3155 3306 2842 2711 3282 2842 3159 3125 2866 2679 2801 2955 2846 2814 2952 2773 3201 2991 3003 3011 3121 2888 2882 3090 3440 2861 2929 2890 2805 3181 2681 3157 3006 3011 2989 3019 2752 3099 2998 2990 3241 2827 3161 3146 3028 2993 2796 2906 2595 2739 2573 3156 2797 2917 3016 2817 2961 2827 2680 3107 2781 2887 2908 2877 2932 2810 3180 2938 3101 2789 2990 3063 3286 2995 3299 2877 2878 2863 3082 3213 3160 2973 2976 2639 3218 3066 3291 2832 2693 
2735 3136 3034 2737 3132 3264 2952 2936 3165 2830 3027 3139 3157 2814 2817 3242 2803 3019 3090 2991 2533 2893 2997 2743 2852 2986 2711 3015 3000 3103 3151 3068 2789 2821 2820 3203 2767 2951 2717 2655 3082 2684 2861 2841 2944 3097 2992 2539 3180 2850 3095 3253 2694 3032 3018 3113 3081 2573 2694 2738 2731 2434 3020 2651 2902 3084 2916 2876 2841 2646 3047 2832 2935 2949 2875 2797 3047 2960 2815 3060 2829 3060 3107 3202 2905 3326 2902 2855 2854 3074 3121 3177 2780 2992 2545 2990 3145 3013 2880 2779 
2808 3077 2988 2726 3113 3246 3146 2830 3118 2814 2962 2993 3124 2987 2873 3382 2916 3123 3051 3103 2746 2846 2957 3101 2956 2977 2822 3071 2872 3084 3282 2938 2836 2814 2836 3117 2875 3006 2862 2687 3051 2441 2907 2935 2832 2996 3099 2813 3099 2929 3192 3306 2825 3128 3135 2953 2930 2700 2931 2788 2956 2631 3133 2644 2968 3259 2893 3012 2940 2653 3158 2798 3056 2949 2694 2918 2975 3006 2909 3158 2870 3286 3254 3204 3128 3206 2939 2700 2706 3131 3070 3167 2781 3072 2754 3001 2923 3065 2812 2788 
3024 3237 3102 2984 3205 3319 3333 3192 3209 2970 3339 3353 3445 3034 2916 3463 2847 3305 3313 3162 2897 3000 3223 3211 3076 3119 2905 3323 3121 3266 3183 3381 2912 3096 3057 3369 3056 3265 2976 3160 3229 2707 3189 3159 3148 3072 3171 3037 3248 3019 3310 3423 2760 3446 3271 3206 3130 2760 3040 2864 3066 2755 3434 2883 3305 3494 2856 3338 3081 3033 3348 3103 3106 3398 2964 3050 3240 3163 2981 3235 2955 3259 3439 3162 3202 3360 3119 2971 3048 3208 3312 3322 2889 3100 2651 3244 3385 3349 3041 2950 
2637 2797 2590 2599 2778 2881 2750 2654 2787 2558 2685 2784 2958 2618 2472 2940 2494 2960 2890 2807 2463 2584 2691 2721 2592 2600 2463 2832 2692 2886 2705 2778 2525 2619 2576 2904 2642 2615 2560 2512 2767 2355 2685 2739 2736 2620 2846 2605 2844 2687 2973 2969 2497 2898 2793 2619 2634 2312 2617 2472 2667 2412 2697 2521 2691 2869 2614 2692 2655 2398 2751 2521 2783 2625 2698 2493 2925 2753 2564 2696 2633 2860 2782 2811 2725 2950 2741 2466 2605 2679 2711 2954 2382 2734 2208 2835 2782 2965 2678 2475 
2448 2998 2921 2741 2961 3078 2985 2744 2951 2637 2760 2829 3181 2596 2579 3169 2611 2896 2776 2691 2333 2683 2752 2796 2854 2822 2542 2853 2755 2821 2933 2751 2372 2778 2681 2899 2571 2795 2751 2725 2671 2585 2810 2779 2779 2790 2692 2718 2955 2600 2909 3075 2604 2954 2984 2756 2884 2617 2737 2590 2494 2263 3011 2627 2877 3082 2842 2812 2655 2562 2805 2464 2486 2743 2495 2805 2950 2705 2645 2701 2486 2830 3097 2862 2769 3104 2740 2491 2662 3012 2874 3006 2548 2694 2505 2794 2821 2949 2649 2523 
2726 3117 3003 2634 2984 3220 3110 3041 3098 2921 3014 3111 3274 2844 2750 3249 2900 2969 3143 2925 2487 2784 2876 2859 2968 2819 2754 3127 2877 2986 3217 2906 2792 2864 2740 3190 2707 3038 2840 2681 2931 2650 2919 3056 3024 2982 2970 2808 3076 2983 3063 3251 2736 3203 3011 3042 3079 2692 2925 2650 2680 2599 3063 2759 3015 3157 2904 2999 2912 2809 2964 2786 2951 2971 2815 2912 2948 2946 2818 3026 2755 3068 3351 3086 3041 3257 2839 2775 2772 2984 3093 3224 2744 2951 2811 3031 3072 3164 2878 2801 
2768 3045 2991 2688 3085 3172 3067 2777 2969 2867 2957 3104 3091 2747 2861 3339 2920 3085 3236 3059 2701 2714 2945 2887 2862 2864 2811 3271 3078 2988 3276 3003 2715 2875 2760 3210 2715 2948 2864 2661 3053 2596 2954 2800 2943 3079 3129 2836 3262 2924 3197 3163 2762 3172 3041 2937 2860 2639 2864 2763 2682 2581 3073 2684 2861 3101 2892 2876 2932 2630 3013 2780 2981 2935 2803 2924 2868 3054 2921 3111 2889 3108 3074 3186 2967 3174 2949 2725 2787 3066 3114 3205 2704 2948 2587 3219 3078 3057 2814 2859 
2768 3179 2973 2701 2958 3277 3076 2832 3023 2865 3081 3158 3229 2762 2762 3223 2774 3088 3129 3203 2589 2908 3021 3033 2861 2958 2874 3154 3065 3273 2946 3045 2873 2777 3009 3258 2858 3090 2880 2854 2973 2637 3049 3014 3120 2970 2986 2856 3082 3051 3194 3305 2678 3136 3117 3015 2943 2762 2798 2789 2728 2552 3183 2947 2879 3218 2912 3053 2934 2740 2872 2849 2969 3134 2988 2773 3005 3134 2912 3069 2997 2994 3121 3340 2952 3349 3101 2870 2844 3097 3034 3151 2820 3020 2563 3196 3073 3146 3052 2612 
2509 3137 2963 2699 2953 3196 3001 2972 2997 2759 3015 3153 3238 2787 2597 3144 2860 3099 2940 2771 2663 2825 2786 2874 2917 2814 2676 3139 2799 3027 3131 2912 2745 2866 2784 3195 2731 3050 2755 2793 2775 2648 2842 2863 2882 2804 3014 2701 2880 2793 3074 3114 2801 3149 3038 2899 2895 2637 2869 2770 2527 2656 3048 2598 2984 3197 2700 2863 2859 2631 2822 2684 2912 2929 2782 2795 3008 3001 2877 2935 2684 2920 3179 3134 2960 3131 2938 2766 2747 2911 2871 3065 2805 2838 2567 3018 2905 3082 2787 2770 
2921 3172 3330 2831 3440 3393 3510 3103 3385 3049 2968 3342 3518 2997 2986 3476 3110 3486 3405 3224 2698 3129 3281 3192 3190 3128 3107 3286 3358 3431 3336 3476 2808 3077 2956 3458 3136 3212 3017 3084 3192 2817 3032 3073 3264 3375 3149 3186 3426 3075 3346 3428 2896 3383 3406 3066 3110 2592 3082 2859 2941 2837 3309 2790 3179 3619 2827 2982 3105 2914 3138 3082 3414 3090 2968 2993 3254 3066 3035 3124 3130 3286 3359 3303 3260 3396 3063 2858 2998 3211 3026 3338 2947 3093 2564 3265 3274 3253 3044 3060 
2855 3264 3198 2835 3216 3449 3421 2999 3281 2953 3056 3258 3465 2943 2883 3543 3037 3285 3136 3310 2729 3168 2998 3073 3120 3155 2957 3123 3199 3099 3218 3154 2741 3007 3013 3339 2994 3039 3145 3067 3152 2846 3455 3169 3117 3240 3237 2859 3401 3131 3401 3467 2887 3078 3358 3075 3214 2921 3140 2847 3015 2770 3315 2962 3092 3545 3194 3179 2962 2900 3066 2859 3143 3162 2927 3117 3386 3164 3172 3330 3161 3309 3213 3505 3250 3527 3170 2923 2938 3375 3246 3308 3075 3189 2740 3355 3238 3272 3117 2837 
2576 2918 2854 2687 2920 3074 2959 2853 2976 2740 2704 2839 3169 2749 2819 3259 2796 2863 3068 3004 2527 2678 3091 2718 2800 2772 2609 2883 2870 2945 3032 2983 2519 2706 2777 3185 2689 2954 2831 2848 3004 2392 2772 2869 2899 2968 3075 2664 3165 2835 3016 3128 2559 3047 3034 2958 2801 2635 2780 2728 2729 2489 2879 2504 2832 3088 2742 2788 2715 2752 2730 2809 2809 2845 2767 2727 2764 3087 2735 3105 2775 3074 2993 3109 2886 3217 2672 2842 2666 2841 2922 3035 2503 2824 2596 3037 3080 2826 2841 2636 
2653 3084 2933 2778 3088 3034 3087 2732 3023 2665 2757 2922 3099 2795 2689 3312 2829 3128 2932 3007 2635 2859 2850 2873 3016 2917 2639 3165 2867 3155 2935 2877 2553 2693 2771 3089 2707 2833 2683 2813 2934 2625 2998 3099 2900 2823 3001 2736 3157 2724 3119 3132 2534 2998 2951 2851 2845 2608 2940 2721 2752 2610 3109 2747 2881 3054 2800 2899 2896 2646 2962 2808 2946 2850 2743 2827 3132 2855 2827 2998 2817 3032 3161 3121 2873 3295 2946 2822 2751 3050 2973 3057 2558 2832 2507 2979 2944 3129 2808 2765 
2742 3081 2964 2617 3095 3242 3150 2948 3203 2966 3053 3048 3304 2906 2809 3412 2871 3108 3155 3055 2551 2874 3020 2887 2830 3036 2691 3083 3146 3098 3218 2942 2615 2864 2835 3153 2799 2893 2768 2670 2952 2729 3041 2952 3158 3024 3055 2794 3368 2835 3215 3257 2818 3192 3107 2879 3069 2693 3024 2597 2841 2643 3227 2945 2979 3349 3070 2927 2900 2866 2940 2887 3021 2981 2855 3074 2969 2898 2788 3109 3145 3159 3181 3017 3122 3374 3016 2710 2783 3094 3079 3295 2674 2902 2612 3146 3268 3145 2760 2826 
2765 3004 2809 2637 3013 3098 3051 2665 2991 2685 2801 2676 3198 2602 2591 3247 2688 3059 3156 2827 2511 2650 2897 2820 2728 2921 2557 3039 2821 2932 2908 2933 2549 2884 2753 3092 2896 2855 2820 2625 3052 2613 2855 2860 2776 2964 2986 2775 3126 2542 2999 3134 2578 3076 2882 2963 2874 2592 2790 2724 2843 2603 3110 2600 2954 3094 2738 2964 2699 2493 3062 2822 2800 2796 2731 2697 3008 2936 2635 2887 2897 2905 3086 2998 2976 3199 2940 2710 2689 2990 2936 3009 2644 2931 2477 2921 2994 3116 2757 2610 
2854 3211 3115 2842 3159 3354 3194 3076 3144 2836 3110 3229 3390 2759 2887 3410 2850 3129 3043 3237 2610 3049 3126 3005 2906 2979 2894 3038 3066 3237 3084 3097 2816 2948 2789 3320 2876 3035 2942 2934 3143 2680 3143 2986 3142 3164 3102 2827 3298 3138 3346 3368 2835 3273 3349 3110 3024 2787 2958 2921 2875 2591 3149 2882 2908 3172 2751 3085 3075 2731 3154 2752 3031 3089 3016 2957 3091 3018 2933 3175 2806 3121 3275 3231 3029 3412 2965 2863 3069 3090 3100 3462 2808 3118 2592 3336 3029 3113 2935 2850 
2678 3032 3067 2667 3019 3218 3199 2757 3242 2721 2888 3054 3288 2657 2835 3234 2735 3049 3000 2988 2403 2739 3031 2796 2767 2830 2788 3038 2859 3025 3156 2944 2673 2960 2693 3150 2784 2947 2644 2828 2908 2523 2925 2796 3009 2813 2949 2793 3104 2782 3032 3029 2637 3194 3130 3048 2895 2830 2894 2801 2538 2470 3140 2703 2861 3162 2947 2945 2906 2735 2816 2710 2874 2882 2722 2867 2933 2802 2899 2935 2830 3052 3086 3124 2974 3237 2949 2637 2799 3049 3097 3278 2734 2936 2627 3054 2979 2985 2778 2611 
2769 2985 2967 2936 3112 3179 3170 2710 3129 2830 2913 3084 3277 2947 2866 3281 2916 3296 3130 3114 2765 3006 3057 2954 2936 3049 2810 2983 3202 3061 3256 3097 2900 2848 3008 3181 3075 3265 2932 2869 3108 2622 3121 2795 3131 3121 3301 2825 3291 3032 3321 3274 2645 3057 3197 2918 3044 2638 2835 2871 2943 2629 3141 2714 3026 3420 2971 2864 2998 2832 2992 2882 3087 3092 2805 2883 3072 3146 2929 3064 3136 3095 3148 3203 3095 3246 3120 3059 2814 3103 3143 3206 2804 3095 2683 3001 3138 3111 2957 2895 
2974 3148 3108 2715 3073 3360 3261 2915 3493 2941 3018 3127 3335 2690 2883 3285 2900 3106 3287 3076 2587 2877 2950 2910 3057 3070 2818 3224 2898 3036 3210 2984 2768 2915 2867 3187 2807 2973 2777 2760 3070 2646 3077 2975 2960 2900 3035 2691 3176 2798 3131 3166 2773 3298 2989 3177 3178 2869 3124 2720 2850 2622 3112 2786 3037 3253 3038 3147 3053 2770 3174 2876 3040 3046 2843 3010 3178 2847 2981 3009 2958 3102 3288 3267 3086 3321 2857 2784 2929 3105 3137 3231 2928 3083 2688 3305 3014 3157 2882 2729 
2923 3212 2903 2941 2972 3259 3117 3083 3094 2876 3165 3219 3455 2777 2836 3281 2887 3161 3061 3069 2696 3004 2978 2999 2868 3043 2942 3233 3109 3115 3094 3114 2708 2917 3009 3325 2895 3091 2910 3053 3130 2699 2907 2902 3052 3042 3101 2866 3245 3072 3134 3425 2770 3205 3160 2925 3159 2672 2915 2846 2924 2564 3169 2787 3175 3304 2840 2927 2877 2865 3126 2965 2895 3208 2903 2847 3092 3110 2922 3116 2961 3027 3251 3153 3044 3283 3082 2945 2999 2927 3094 3246 2825 2894 2633 3147 3214 3037 2890 2770 
2977 3247 2942 2969 3013 3385 3165 2994 3107 2908 3038 3110 3463 2880 2770 3342 2985 3197 3178 3062 2766 2912 2920 3010 2968 2959 2771 3232 2976 3092 3191 3056 2814 2962 2935 3225 2929 3063 2933 2932 3228 2697 3174 3073 3039 3144 3112 2889 3345 3019 3232 3317 2819 3291 3299 3010 3091 2795 2962 2851 3007 2722 3254 2879 3131 3203 2927 3113 2984 2746 3239 2916 2973 3030 2885 2931 3087 3157 2832 3134 2891 3256 3286 3321 3142 3417 3168 2927 2993 3098 3315 3262 2847 3148 2773 3169 3214 3284 2830 2921 
