100 100
2946 2627 2762 3304 3082 2763 3000 2893 2767 2933 2837 2939 2922 2784 2912 2860 3203 3127 2718 2950 2860 2856 2488 2733 3026 3034 2895 2911 2980 2967 2913 3136 3010 2998 3162 2747 2805 3117 3083 3098 3081 2997 3128 2775 3455 3245 2877 2896 2687 2675 2868 2953 2816 3041 2875 3016 2781 3029 3105 2798 2725 2821 3012 2830 2847 2705 2916 2907 2772 3039 2966 2844 2716 3099 2838 3264 2882 2896 3422 2783 3059 3034 3142 2909 3306 2984 3068 2980 2584 2861 2956 2709 2956 3221 2797 3094 2638 2866 3054 2920 
3121 2785 2982 3416 3149 3052 3091 3143 3013 2843 3101 3028 3142 2874 3037 2907 3144 3216 2822 3229 2842 3062 2804 2982 3179 3163 3005 3287 3248 3177 3254 3144 3135 3245 3280 2860 2915 3118 3328 3178 3315 3039 3396 3036 3527 3493 2928 3144 2805 2671 2839 3126 3024 3138 2950 3052 2939 2863 3210 2614 2989 2814 3201 3027 2972 2730 2932 3068 2890 3115 2997 3014 2898 3212 2847 3412 2872 3109 3588 3003 3172 3044 3060 3167 3468 3134 3157 3057 2732 3050 3030 2896 3138 3272 3024 3307 2795 3147 3104 3053 
3511 3062 3064 3519 3425 3206 3288 3267 3093 3165 3305 3193 3258 2968 3212 3130 3503 3542 2915 3446 3345 3234 2946 3060 3376 3246 3240 3293 3389 3441 3373 3383 3429 3513 3437 3055 3026 3389 3454 3387 3359 3121 3596 3130 3805 3562 3281 3342 2993 2897 3093 3404 3383 3357 3078 3337 2979 3250 3429 3107 3201 3131 3282 3206 3237 3019 3394 3343 3223 3344 3290 3287 3148 3431 3284 3527 3203 3477 3780 3225 3309 3237 3474 3248 3624 3456 3408 3366 2944 3205 3160 3055 3267 3504 3161 3485 2866 3382 3330 3322 
3319 2955 3213 3580 3237 3138 3128 3185 3141 3066 3288 3133 3280 3047 3225 3073 3260 3283 2881 3393 3295 3352 3070 3188 3324 3192 3184 3314 3292 3400 3468 3346 3516 3272 3318 2964 2850 3568 3523 3218 3314 3098 3567 3140 3645 3556 3102 3276 3009 2740 3052 3217 3234 3332 3056 3189 2857 3274 3350 2849 3057 3147 3317 3122 3165 2692 3130 3137 3044 3156 3262 3059 3144 3280 3175 3607 3222 3341 3810 2946 3355 3236 3255 3270 3461 3251 3477 3274 2934 3238 3135 3155 3111 3418 3087 3484 2766 3423 3347 3352 
2864 2603 2858 3145 2849 2594 2765 2893 2606 2739 2946 2741 2795 2728 2840 2667 2926 2956 2434 2911 2867 2801 2311 2501 2932 2923 2615 3115 3120 2926 3007 2778 2890 2730 2970 2580 2685 2928 2977 2865 2998 2737 3146 2775 3116 3157 2734 2832 2506 2457 2724 2928 2805 2829 2653 2844 2617 2793 2905 2463 2610 2627 2918 2637 2866 2586 2942 2750 2761 2735 2766 2639 2689 2891 2906 3104 2772 3013 3318 2596 2960 2970 2939 2782 3180 2764 3070 2852 2575 2762 2651 2576 2909 3047 2727 3159 2586 2859 2888 2999 
3470 3004 3016 3525 3430 3034 3250 3193 2955 3224 3174 3243 3220 2898 3171 3054 3224 3408 2823 3347 2998 3168 2826 3159 3324 3331 3199 3382 3389 3311 3292 3244 3276 3437 3432 3152 2973 3406 3409 3339 3331 3276 3452 3016 3759 3607 3269 3234 3055 2941 2903 3259 3188 3428 3002 3276 2997 3266 3541 2955 3036 3092 3361 3104 3194 2746 3323 3118 3091 3229 3211 3152 3001 3389 3065 3586 3279 3367 3749 2870 3309 3182 3253 3130 3478 3318 3448 3382 2985 3133 3174 2988 3231 3486 3087 3507 2958 3362 3356 3123 
3319 2916 3282 3576 3279 3080 3151 3304 3120 3220 3238 3251 3346 2924 3296 3070 3467 3307 2763 3265 3326 3074 2876 3031 3264 3141 3114 3248 3384 3236 3342 3186 3322 3257 3285 3090 2981 3381 3401 3143 3349 3111 3505 3071 3676 3589 3127 3055 2936 2765 3002 3247 3301 3205 2774 3152 3079 3169 3212 2826 3091 3009 3292 3084 3163 2928 3068 2990 3028 3134 3191 3104 3146 3268 3335 3440 3239 3150 3755 3000 3263 3119 3253 3208 3317 3287 3373 3229 2867 3337 2993 3102 3249 3302 3068 3529 3024 3324 3317 3480 
3272 3009 2922 3531 3263 2969 3035 3115 3087 3113 3192 3053 3226 3097 3232 3024 3366 3254 2837 3328 3270 3099 2841 3008 3308 3215 3169 3214 3318 3352 3418 3375 3386 3447 3355 2987 2867 3465 3328 3148 3176 3184 3333 3047 3666 3473 3151 3242 2950 2696 3103 3140 3125 3272 2999 3182 2763 3230 3191 2908 2990 2950 3150 3001 3111 2861 3105 3089 2919 3119 3190 3043 3036 3070 3137 3481 3196 3336 3632 2980 3292 3283 3361 3077 3497 3122 3525 3247 2928 3126 3039 2966 3122 3436 2913 3414 2899 3143 3363 3306 
3178 2786 3003 3210 3223 2824 3050 3099 3036 2874 3063 2965 3087 2779 2970 2732 3281 3138 2586 3023 3004 2853 2697 2809 3033 3067 2926 3033 3223 3141 3265 3053 3036 3076 3197 2818 2890 3240 3195 3203 3093 2871 3312 2966 3461 3349 3012 3020 2696 2631 2853 3077 2952 3067 2845 2958 2728 3065 3114 2783 2913 2940 3070 2794 3114 2948 3034 2973 2912 2857 2894 3171 2812 3128 3025 3265 2853 3153 3535 2958 2939 2984 3000 2963 3161 3070 3191 3176 2749 3003 2890 2846 2941 3248 2980 3170 2819 3147 3075 3125 
3324 2842 3045 3473 3153 2871 3087 3156 2931 2999 3099 2934 2980 2927 3036 2750 3128 3305 2885 3202 3036 2988 2818 2872 3054 3033 3185 3286 3336 3305 3310 3068 3250 3036 3122 2997 2838 3298 3215 3011 3229 3034 3217 3017 3550 3316 2953 3173 2865 2747 2886 2988 3099 3328 2913 3157 2909 3098 3075 2817 2896 2971 3179 2993 3155 2911 3219 3146 2977 3090 3189 2956 2945 3084 3120 3429 3212 3194 3528 2911 3110 3130 3352 2949 3427 3153 3593 3275 2887 3083 2978 2971 3121 3249 3147 3204 2827 3146 3226 3101 
2715 2440 2687 3247 2751 2563 2697 2707 2659 2607 2841 2765 2822 2522 2774 2690 2897 2768 2590 2970 2801 2760 2409 2697 2945 2826 2549 2983 2835 2903 2987 2735 2960 2789 2833 2596 2405 2771 2951 2551 2871 2561 2884 2670 3138 3017 2613 2864 2586 2452 2626 2701 2707 2707 2479 2919 2577 2694 2877 2565 2566 2530 2725 2680 2765 2395 2818 2660 2607 2828 2792 2592 2579 2860 2817 2923 2777 2916 3196 2502 2920 2832 2752 2644 3170 2719 2920 2835 2425 2650 2531 2691 2734 2834 2775 2998 2462 2839 2893 2802 
3099 2630 3029 3272 2934 2800 3094 3072 2848 2934 3132 3117 3047 2737 2961 2779 3094 3197 2604 3096 2985 2953 2694 2854 2972 2875 2873 3084 3196 3125 3103 3053 3043 2949 2929 2753 2864 3111 3057 2857 3190 2832 3234 2805 3442 3378 2829 3030 2671 2595 2785 2943 2941 2992 2815 2982 2693 3061 3049 2557 2875 2859 3042 2993 2938 2717 2917 2948 2726 3064 2886 2929 2831 3171 2950 3199 2978 3038 3578 3030 3200 3003 2951 3008 3287 3037 3245 2990 2690 2830 2859 2779 2916 3155 2933 3275 2682 2987 3024 3047 
3085 2772 2715 3350 3145 2927 2841 2883 2833 2811 2870 2878 2821 2922 2930 2864 3155 3072 2706 3212 3058 3028 2542 2885 3134 3025 3045 3065 3025 3061 3325 3017 3101 3153 3163 2653 2657 3101 3325 2977 2911 2916 3227 2979 3406 3244 2936 3006 2923 2618 2759 2857 2867 2878 2719 3044 2770 2989 3061 2606 2768 2677 2854 2887 3009 2519 3029 2925 2696 2846 2967 2906 2927 3123 2936 3174 2907 3293 3430 2734 3110 3018 3139 3000 3216 3005 2947 3013 2680 3044 2828 2691 2913 3168 2844 3195 2675 3061 3141 3048 
3250 2931 3062 3548 3294 2982 3219 3176 3114 3067 3331 3066 3167 3037 3316 3110 3297 3320 2884 3406 3147 3154 2901 2893 3374 3154 3103 3359 3424 3307 3484 3235 3470 3314 3480 3170 3106 3547 3305 3238 3329 3140 3404 3071 3813 3489 2998 3371 2981 2884 3170 3264 3126 3296 2926 3149 2870 3236 3250 2891 3015 2893 3215 3063 3041 2987 3222 3048 3052 3288 3088 3003 3000 3246 3089 3556 3310 3246 3630 3075 3355 3390 3281 3100 3525 3225 3701 3287 2841 3080 3007 3022 3178 3449 2969 3459 2952 3366 3180 3195 
3090 2769 2791 3406 3195 2770 3117 2940 2881 2976 2925 3023 3125 2990 3118 2773 3184 3147 2677 3255 3003 3069 2773 2839 3241 3085 3090 3209 3259 3121 3348 2997 3068 3105 3194 2985 2749 3284 3127 3094 3158 2888 3267 3045 3528 3380 2912 3085 2801 2726 2869 3026 3080 3106 2728 3113 2783 3030 3061 2771 3069 2997 3099 3036 3023 2651 3100 3053 2820 3033 3005 2913 3022 3105 2925 3135 3151 3199 3461 2837 3177 3225 3010 2979 3310 3037 3269 3245 2742 3065 2944 2839 3215 3198 2914 3283 2906 3105 3280 3219 
3358 2876 3051 3414 3073 2966 3039 3129 3066 3011 3207 3124 3135 2833 3211 3012 3270 3289 2777 3084 3106 3044 2677 2909 3205 3086 2845 3204 3210 3255 3223 3169 3284 3172 3169 2977 2746 3214 3085 2948 3225 3038 3304 2866 3509 3506 2955 3101 2882 2625 2946 3078 3081 3181 2851 3148 2761 3081 3077 2755 3049 2864 3177 3168 3016 2831 3087 3206 2912 3029 3198 2915 3006 3180 3175 3424 3108 3288 3604 3036 3323 3107 3318 3081 3364 3046 3393 3233 2868 3002 2883 3031 3136 3296 3005 3330 2667 3150 3197 3161 
2711 2294 2452 2913 2600 2408 2605 2509 2459 2495 2571 2509 2503 2544 2599 2333 2741 2710 2340 2593 2554 2478 2410 2344 2603 2698 2570 2576 2717 2726 2842 2539 2745 2656 2719 2341 2278 2695 2780 2599 2601 2544 2868 2518 2883 2788 2506 2456 2404 2364 2336 2528 2472 2823 2502 2736 2107 2595 2613 2427 2451 2504 2518 2516 2623 2281 2659 2520 2427 2500 2662 2658 2358 2663 2551 2629 2566 2699 3009 2518 2627 2674 2667 2524 2818 2591 2825 2827 2389 2754 2456 2387 2495 2766 2581 2869 2364 2575 2740 2803 
3067 2640 2735 3260 3178 2820 2986 2810 2777 2849 2975 3020 2928 2733 2926 2900 3056 3026 2766 3042 3003 3024 2483 2827 3048 2987 2976 2996 3067 3010 3060 2964 2980 3083 3058 2823 2678 3149 3110 2935 3026 2889 3101 2824 3476 3240 2741 2954 2791 2562 2744 2864 2937 2979 2813 3023 2746 2999 2970 2733 2903 2935 3006 2880 2917 2509 2922 2851 2714 2897 3029 2827 2709 3063 2877 3239 2870 3032 3363 2561 3071 3053 2903 2975 3299 2982 3135 3113 2603 3076 2764 2735 2907 3032 2890 3199 2744 3063 3246 3015 
3065 2752 2820 3263 3068 2956 2913 2990 2719 2891 2932 2736 3034 2882 2982 2618 3107 3011 2760 3090 2912 3155 2802 2808 2962 3109 3045 3171 3081 3022 3113 3081 3101 3174 3144 2772 2642 2981 3198 3008 3031 2803 3294 2896 3375 3143 2900 2985 2843 2786 2636 3151 3052 3059 2777 3020 2758 2868 3141 2717 2848 2902 3104 2911 2941 2587 3012 2963 2924 3055 2976 3006 2938 3009 2892 3147 2916 3220 3509 2760 3017 3031 3179 2932 3425 3138 3122 3192 2741 2887 2854 2842 3081 3272 2866 3190 2695 3026 3256 3172 
2987 2792 2857 3402 3036 2871 2997 2869 2738 2877 3059 2894 2968 2829 3035 2826 3201 3056 2629 3202 2942 2855 2599 2753 3067 2912 3014 3134 3190 3026 3278 3084 3095 2822 3142 2834 2744 3179 3176 2931 2905 2917 3139 2886 3344 3029 2856 2978 2642 2681 2771 2994 2872 3006 2766 2965 2707 3085 3106 2599 2901 2820 3057 2864 2940 2787 3052 2919 2657 3021 2946 3003 2667 3032 2878 3034 2961 3054 3400 2892 3085 3070 3063 3061 3097 3050 3144 3046 2752 2906 2853 2799 3013 3172 2952 3088 2790 3004 3156 3090 
2963 2664 2862 3379 3094 2815 3015 2954 2945 3027 3255 3188 3036 2684 2917 2752 3169 3081 2486 3042 2950 3026 2607 2852 3071 3069 2951 3087 3304 3237 3073 3081 3217 2970 3113 2801 2678 3233 3223 2831 3048 2829 3149 2821 3479 3411 2885 3000 2657 2661 2809 3189 2975 3001 2577 3011 2693 3058 3146 2746 2910 2845 3011 2884 2897 2751 2958 2724 2751 3031 2938 2796 2839 3090 2927 3359 2997 3124 3575 2756 3182 3112 3068 2900 3226 3130 3272 3102 2779 2921 2858 2775 2942 3210 2855 3333 2774 3133 3089 2947 
3102 2798 2823 3202 3016 2845 2831 2929 2810 2747 3081 2796 2944 2736 3001 2918 3009 3075 2649 3190 3134 2922 2744 2773 2967 2834 2854 3057 2930 2943 3192 2982 3175 3082 3029 2544 2684 3106 3202 2936 2997 2842 3182 2849 3291 3137 2818 2898 2790 2518 2833 2935 2922 3045 2752 3078 2705 3002 3017 2598 2757 2783 2991 3001 2848 2552 2977 2894 2825 2940 2997 2767 2835 2949 2987 3104 2985 3034 3456 2729 2954 3076 3092 2967 3244 2945 3080 3033 2689 2955 2814 2847 2905 3124 2838 3279 2571 3175 3143 2990 
3050 2622 2661 3268 3009 2812 2897 2845 2596 2709 2840 2953 2934 2747 2922 2753 3056 3052 2563 2956 2821 2886 2476 2773 2928 2746 2833 2991 3069 2920 3123 3103 3045 2873 2845 2679 2599 3225 3143 2809 3036 2756 3081 2902 3423 3184 2811 2946 2512 2686 2684 2940 2931 2873 2660 2899 2654 3067 2881 2677 2836 2756 2964 2875 2708 2770 2857 2674 2651 2881 2845 2868 2649 2913 2896 3002 2977 3011 3246 2748 2872 2878 2932 2900 3202 2902 2982 2967 2680 2721 2720 2646 2867 2985 2607 2955 2662 2997 3121 2923 
3007 2764 2680 3331 2833 2701 2723 2751 2747 2672 2840 2819 2826 2776 2858 2786 2974 3093 2759 2994 2738 2905 2628 2829 2956 2867 2787 3021 2981 3076 2961 2935 3083 2974 2837 2744 2619 3065 3102 2954 2973 2839 3254 2776 3333 3254 2709 3004 2627 2613 2786 2873 2854 3004 2596 3075 2522 2981 2982 2632 2698 2676 2984 2785 2860 2562 3050 2826 2696 2811 2943 2587 2875 2977 2935 3251 2986 3013 3214 2844 2949 2888 2968 2739 3126 2978 3104 2938 2476 2978 2707 2657 2930 3021 2844 3088 2529 2897 3017 2954 
3143 2810 2906 3370 3076 2995 3043 3115 2808 2956 3023 2879 3029 2851 3040 2842 3218 3128 2853 3255 3022 2973 2760 2714 3033 3028 2963 3236 3135 3106 3221 3045 3205 3066 3315 2911 2714 3072 3060 3024 3213 2732 3273 2857 3421 3208 2967 3121 2840 2664 2880 3150 3000 3204 2829 3015 2777 3049 3150 2767 2962 2843 2975 2839 2858 2583 3182 3000 2868 3128 2946 3119 3063 3152 2973 3161 2908 3269 3527 3013 3247 3226 3026 2947 3203 3094 3142 3115 2624 2992 2949 2963 3053 3239 2951 3394 2726 3136 3141 3098 
3137 2656 2780 3392 3078 2907 3182 2912 2955 2981 2960 2935 2979 2948 3080 2942 3114 3202 2728 2930 2968 2914 2766 2807 3180 2953 2956 3138 3227 3119 3192 3129 3110 3187 3158 2869 2808 3206 3105 3079 3180 3084 3211 3010 3459 3406 2826 3069 2876 2693 2873 3052 2940 3181 2806 3075 2712 3147 3193 2622 2718 2837 3303 2930 3064 2760 2867 3036 2685 2940 2984 2958 2946 3161 2895 3300 3021 3157 3493 2844 3142 3178 3176 3029 3319 3012 3142 3039 2644 3209 2809 2875 3073 3265 2956 3199 2762 3043 3170 3187 
3377 2858 3032 3632 3352 2965 3125 3069 2923 3000 3211 3003 3044 3025 3266 3198 3386 3332 3027 3276 3206 3108 2885 3018 3305 2979 3074 3275 3434 3414 3551 3252 3417 3168 3276 3090 2792 3479 3313 3196 3302 3116 3401 3034 3624 3381 3176 3266 2952 2983 2896 3150 3137 3349 2959 3274 2971 3261 3308 2909 3131 3004 3200 3003 3199 2922 3196 3077 2956 3049 3265 2974 2977 3287 3081 3487 3126 3332 3491 2909 3331 3197 3206 3310 3381 3100 3318 3191 2815 3199 3041 3070 3192 3383 3076 3255 2908 3367 3231 3249 
3181 2654 2982 3355 3127 2956 3032 3014 3015 2859 3171 2823 3172 2857 3144 2981 3359 3152 2876 3060 3026 3153 2773 3016 3191 3175 3025 3122 3278 3046 3200 3012 3238 3221 3226 2738 2861 3076 3340 3177 3163 2997 3351 2852 3467 3399 3004 3074 2862 2714 2837 2974 3096 3117 2776 3097 2896 2837 3150 2750 2912 2803 3062 3027 2972 2757 3064 3079 2836 3009 3102 2971 2860 3267 2880 3334 2892 3029 3614 2956 3143 3002 3043 2962 3356 3147 3176 3296 2784 3129 2993 2873 3040 3328 2884 3295 2865 3112 3282 3294 
2977 2565 2862 3128 2940 2863 3005 2770 2791 3001 3014 2661 2928 2657 2821 2618 3053 3019 2509 2902 2885 2767 2556 2760 2991 2801 2766 2984 3196 2989 3040 2922 3130 2945 3013 2757 2674 3129 3159 2854 2933 2745 3103 2846 3223 3167 2772 2909 2727 2578 2753 2889 2831 2981 2533 2932 2761 2916 3008 2453 2638 2741 2900 2836 2999 2752 2978 2840 2479 2835 2991 2817 2778 2971 2873 3183 2777 2978 3415 2711 2996 2958 3081 2756 3071 3006 3035 2981 2667 2897 2640 2753 3010 3109 2874 2993 2687 3116 2915 2984 
3097 2714 2771 3431 3212 2721 3116 3153 3113 2929 3170 3034 3126 2949 3173 2977 3277 3111 2721 3230 3159 3111 2762 2871 3110 3146 3020 3106 3350 3201 3390 3074 3184 3035 3242 2809 2988 3200 3291 3258 3095 3037 3163 2849 3482 3439 2964 3019 2840 2737 2934 2903 2991 3187 2944 3081 2899 3026 3190 2725 2880 2851 3141 2949 2931 2754 3075 3010 2873 3078 3133 2962 2761 3116 3032 3297 3069 3043 3725 2755 3219 3289 3123 3194 3335 3028 3426 3268 2674 3111 3069 3012 3008 3314 3034 3294 2858 3171 3206 3100 
3152 2939 2936 3458 3007 2890 3011 2941 2881 3057 3014 2872 2895 2758 3124 2716 2939 3120 2937 3215 2954 3058 2692 2950 3125 3098 2782 3248 3047 3209 3294 3000 3237 3158 3026 2750 2716 3185 3160 2964 2945 2958 3235 2959 3347 3235 2793 2867 2931 2570 2747 3102 2985 3120 2795 3053 2907 2968 3089 2577 2667 2815 3081 2913 3121 2501 2973 3071 2719 3089 3129 3134 2960 3009 3069 3130 3094 3200 3522 2744 3186 3154 3204 3094 3489 3113 3309 3255 2758 2943 2922 3027 3091 3155 2903 3297 2584 2951 3063 3056 
2805 2611 2784 3105 2708 2596 2653 2704 2601 2663 2708 2718 2735 2585 2909 2581 2898 2896 2390 2938 2768 2725 2408 2709 2867 2896 2714 2926 2898 2865 2888 2823 2881 2775 2770 2621 2514 2839 2810 2763 2769 2707 3013 2697 3015 2989 2748 2833 2585 2444 2517 2822 2766 2871 2689 2700 2559 2801 2860 2481 2740 2745 2882 2633 2791 2475 2637 2806 2745 2764 2772 2698 2627 2828 2728 2899 2794 2811 3169 2594 2730 2827 2731 2782 2964 2732 2934 2901 2531 2598 2670 2721 2819 2955 2722 2915 2505 2678 2898 2882 
3166 2917 3061 3428 3077 2849 3161 3096 3057 3188 3180 3162 3140 2849 3124 2834 3417 3224 2696 3093 3155 3065 2694 2864 3162 3175 2927 3276 3345 3268 3409 2983 3263 3098 3284 2841 2853 3257 3256 3109 3298 2941 3278 3026 3563 3444 2947 3186 2787 2875 2850 3182 2893 3173 2728 3146 2723 3126 3259 2899 2973 2991 3124 2952 3186 2950 3351 3078 2905 3097 3055 3048 2979 3257 3150 3172 3215 3276 3763 3077 3191 3175 3235 2908 3205 3018 3396 3290 2909 3026 3009 3093 2974 3335 3194 3335 2848 3167 3163 3305 
3077 2777 2772 3314 3028 2756 3057 2825 2806 2900 2872 2934 2977 2723 2985 2786 3116 3016 2813 3033 2943 2931 2488 2774 3006 2969 2864 3127 2965 3008 3223 2979 3078 3202 3046 2792 2668 3059 3188 3050 3056 2773 3123 3011 3462 3310 2897 3083 2734 2626 2696 2973 2867 2940 2691 2943 2699 3009 2969 2687 2840 2941 2899 2903 2888 2575 3038 2943 2720 2942 3114 2933 2929 3104 2943 3103 2877 3114 3384 2710 2991 3010 3014 2924 3201 2894 3236 2991 2548 2779 2823 2847 2886 3113 2773 3070 2615 3164 2991 3063 
3186 2745 2911 3517 3173 2804 2944 3003 2916 2805 3125 2940 2954 2991 3086 2883 3174 3167 2845 3194 3048 3015 2688 2879 3237 3071 3031 3233 3366 3176 3386 3155 3169 3124 3073 2791 2883 3234 3307 3068 3166 2936 3490 3086 3437 3297 2853 3030 2867 2921 2952 3094 3120 3265 2771 3196 2867 3316 3274 2790 2990 3048 3095 2981 3078 2775 3053 2841 2881 2991 3021 3077 2858 3086 2951 3327 2994 3213 3492 2860 3051 3165 3076 3019 3344 3119 3276 3205 2705 2998 2861 2805 3058 3336 2904 3200 2865 3117 3201 3180 
3287 2879 2967 3514 3169 3051 3058 2974 2943 3044 3042 3059 3087 2731 3076 2773 3293 3091 2790 3181 3091 3016 2756 2977 3051 3121 3044 3268 3253 3120 3184 3087 3265 3247 3198 3077 2840 3291 3334 3181 3172 3004 3317 3036 3593 3293 2963 3042 2763 2623 2812 3169 3091 3012 2745 3127 2884 3068 3210 2700 2967 3010 3176 3023 3087 2857 2957 2983 2884 3093 3062 3171 3018 3080 3215 3185 3024 3085 3531 2864 3056 3082 3263 3112 3409 3134 3212 3186 2703 3068 2816 2998 3140 3222 2989 3349 2816 3301 3110 3188 
3269 2855 3011 3430 3147 2934 2955 3064 3093 2970 3101 2931 3130 2923 3233 3036 3342 3292 2848 3204 3185 3012 2836 3019 3214 3010 2983 3236 3280 3286 3375 3163 3326 3270 3090 2822 2789 3232 3233 2960 3151 3228 3435 3147 3419 3514 3039 3203 2946 2801 2753 3000 3137 3199 2806 3173 2830 3242 3060 2838 3022 2778 3082 3044 3294 3019 3176 3106 2926 3057 3237 2903 3070 3137 3169 3407 3102 3354 3495 2934 3109 3157 3228 3045 3416 3009 3406 3176 2885 3046 2912 3074 3174 3293 3056 3295 2922 3122 3334 3328 
3364 3038 2896 3408 3115 2908 3153 3001 3126 3010 3136 3035 3156 2907 3259 3055 3170 3322 2743 3232 2971 3124 2721 2972 2994 3118 3080 3140 3338 3329 3274 3117 3156 3231 3096 2845 2994 3224 3202 3227 3186 3014 3459 2993 3544 3369 2953 3131 2838 2696 2938 3000 3209 3176 2804 3255 2795 3172 3260 2779 2895 2918 3214 3078 3030 2685 3133 3098 2870 3041 3208 2875 3014 3067 2967 3289 3211 3276 3627 2782 3047 3101 3156 3072 3419 3215 3432 3230 2725 3038 2956 2969 3078 3285 2846 3282 2880 3115 3235 3025 
2974 2519 2689 3205 2932 2661 2778 2732 2770 2808 2919 2751 2833 2711 2893 2694 2940 2878 2449 2953 2778 2736 2621 2771 2967 2984 2665 2924 2920 2987 2904 2996 2976 2937 2902 2672 2567 3013 2957 2749 2951 2727 3036 2643 3273 3194 2678 2956 2528 2520 2699 2952 2997 2798 2674 2928 2537 2926 2934 2622 2707 2625 2928 2832 2829 2561 2778 2679 2489 2923 2807 2728 2592 2967 2858 3173 2891 3040 3263 2503 2801 2943 3056 2883 3317 2890 2959 2881 2528 2912 2580 2771 2835 3077 2728 2986 2649 2837 2964 2839 
2935 2492 2771 2983 2726 2679 2555 2823 2640 2643 2806 2736 2740 2462 2707 2655 2925 2797 2377 2814 2635 2621 2553 2587 2857 2694 2675 2816 2914 2900 2780 2740 2869 2793 2790 2518 2447 2924 2808 2556 2880 2722 2980 2711 3109 2954 2602 2782 2519 2500 2470 2868 2748 2759 2513 2699 2480 2836 2825 2540 2617 2517 2702 2570 2880 2490 2571 2678 2513 2804 2621 2610 2713 2927 2699 3123 2703 2888 3220 2606 2845 2598 2879 2667 2971 2726 2914 2722 2649 2732 2606 2584 2683 2948 2687 2878 2487 2871 2728 2817 
3015 2704 2929 3227 3067 2832 2816 2977 2838 2811 2830 2834 2796 2663 3072 2790 3076 2895 2690 2873 2843 2896 2653 2827 3042 2939 2803 2873 3138 3034 3075 2981 3025 2951 2937 2724 2733 3003 3006 2908 3141 3077 3293 2814 3359 3189 2659 2885 2677 2599 2714 2872 2925 3003 2674 2782 2686 2888 2900 2637 2690 2773 2938 2677 2874 2710 2911 2705 2658 2802 2952 2855 2845 2974 2843 3158 2975 2988 3301 2691 2701 2840 2987 2762 3251 2830 2949 2929 2610 2826 2921 2714 2908 2991 2779 2964 2837 2977 3021 3043 
3247 2857 2901 3481 3079 2879 3153 3067 2843 3071 3180 3053 3065 2925 2928 2821 3186 3311 2683 3103 2944 3109 2692 2841 3152 3179 2903 3278 3217 3114 3131 3016 3260 3058 3220 3019 2703 3261 3189 3177 3060 2946 3247 2916 3480 3403 3013 3059 2708 2581 2815 3027 3054 3141 2898 3146 2762 2920 3181 2730 2962 2902 3126 2957 3032 2751 3154 3028 2883 3104 3175 2832 2884 3173 3048 3279 2999 3164 3619 2792 3205 3172 3224 3164 3392 3101 3405 3137 2713 3013 2974 3057 3287 3280 2927 3267 2706 3143 3135 3052 
3224 3003 3063 3617 3166 3053 3126 3081 2948 3161 3252 3253 3195 3028 3333 3100 3303 3393 3007 3339 3172 3059 2783 2853 3199 3227 2992 3321 3401 3271 3390 3342 3362 3231 3331 2891 3147 3233 3391 3190 3345 2954 3380 3033 3628 3448 3113 3299 2960 2862 2934 3308 3159 3264 3018 3289 2918 3319 3365 2970 3040 3133 3324 2889 2971 2997 3404 3110 2926 3151 3324 3122 3052 3320 3181 3340 3241 3316 3651 3125 3073 3226 3253 3114 3599 3230 3417 3181 2829 2961 2934 3046 3140 3200 3149 3325 2865 3208 3298 3213 
3212 2801 3022 3423 3078 2869 3008 3039 2945 2960 3086 2788 2932 2973 3347 2971 3280 3054 2699 3067 2891 2963 2761 3018 3321 3156 2922 3075 3320 3148 3126 3162 3225 3260 3153 2883 2911 3108 3129 3151 3206 3142 3467 3013 3401 3554 2910 3211 2747 2764 2914 3179 3116 3187 2761 3003 2759 3000 3291 2710 2888 2808 3180 2948 3042 2862 2990 2945 2895 3038 3016 3080 2954 3216 2908 3333 2996 3110 3405 2937 3042 3062 3119 2926 3371 3033 3176 3111 2716 3054 3070 2912 3215 3460 2881 3328 2941 3160 3070 3183 
2675 2350 2754 3105 2783 2599 2706 2902 2672 2674 2760 2704 2581 2704 2702 2543 2786 2858 2379 2683 2786 2692 2535 2560 2801 2636 2692 2788 2951 2906 2896 2832 2873 2769 2862 2549 2497 2913 2757 2814 2917 2687 2890 2584 3174 2998 2612 2850 2537 2430 2555 2804 2823 2877 2483 2760 2521 2737 2774 2518 2653 2635 2843 2568 2722 2558 2838 2650 2612 2688 2838 2562 2595 2680 2803 2893 2920 2759 3126 2634 2799 2836 3046 2805 3012 2905 2900 2657 2409 2677 2715 2599 2663 2810 2661 2884 2443 2798 2894 2836 
2871 2532 2573 3150 2752 2514 2683 2623 2700 2947 2942 2669 2771 2572 2919 2623 2871 2740 2654 2813 2678 2670 2412 2549 2817 2829 2508 3014 3022 2913 3031 2857 3025 2877 3001 2566 2618 2948 2963 2704 2837 2732 2846 2579 3181 2942 2584 2836 2540 2505 2698 2854 2632 2867 2564 2905 2454 2892 2903 2464 2505 2444 2881 2659 2763 2518 2909 2749 2426 2710 2895 2700 2652 2798 2811 3134 2806 2873 3121 2663 2826 2786 2913 2724 2992 2799 3022 2887 2452 2695 2611 2693 2716 2950 2785 2900 2622 2763 2886 2768 
3138 2756 2990 3196 3069 2982 2942 3126 2887 2933 2971 2937 2963 2715 2863 2863 3128 3138 2694 3107 2925 3066 2799 2958 2957 2996 2967 3121 3168 3075 3044 3119 3167 3178 3123 2819 2576 3217 3236 2944 3091 2904 3326 2754 3379 3253 2986 3119 2857 2670 2839 3089 2906 3141 2877 3167 2771 2976 3177 2718 2988 2828 2986 3011 3120 2662 3101 3011 2878 3027 2845 2923 2806 3156 2881 3280 3075 3149 3495 2895 3152 3070 3051 2932 3325 3055 3132 3102 2806 2819 2960 2880 3044 3230 3051 3258 2719 3119 3091 2999 
2921 2596 2652 3167 2776 2781 2757 2845 2502 2683 2676 2690 2768 2737 2729 2649 2850 2999 2539 2988 2854 2895 2487 2608 2777 2908 2823 2971 2796 2893 2892 2893 2874 2823 2948 2575 2688 2964 2963 2807 2776 2713 3043 2591 3178 3193 2711 2894 2670 2435 2784 2828 2710 3007 2720 2810 2623 2905 2983 2649 2569 2641 2819 2675 2784 2434 2875 2887 2833 2906 2769 2867 2775 2904 2841 3063 2781 3044 3269 2723 2991 2881 2981 2761 3142 2918 3057 2919 2542 2809 2731 2633 2769 2985 2652 3107 2413 2775 2900 2949 
3335 3025 3207 3682 3226 3183 3282 3228 3120 3156 3387 3304 3285 2975 3326 3026 3345 3398 2908 3317 3087 3300 2897 3045 3458 3276 3075 3440 3543 3368 3336 3234 3438 3145 3458 3017 3027 3411 3470 3116 3474 3123 3457 3098 3719 3568 2998 3215 2852 2840 3165 3292 3135 3213 3019 3304 2988 3159 3320 2879 3038 2981 3269 3194 3101 2745 3110 3028 2926 3255 3077 3050 3168 3409 3186 3491 3127 3364 3784 2985 3459 3237 3320 3277 3621 3256 3333 3266 2877 3308 3124 3035 3206 3422 3135 3662 2899 3523 3372 3324 
3202 2823 2999 3313 2946 2920 3021 2951 2953 2868 2971 2857 2955 2712 2941 2791 3318 3281 2782 2965 2959 3087 2834 2941 3180 2853 3005 3186 3163 3074 3136 3209 3163 3211 3072 2941 2710 3133 3114 3159 3170 2969 3321 3084 3408 3206 2996 2915 2824 2760 2863 2937 2972 3274 2733 2993 2885 3010 3063 2792 2922 2921 3116 2978 2959 2800 2898 3087 2820 2958 3240 2831 2954 3052 2915 3167 3075 3067 3478 3002 3089 3034 2987 2823 3199 2991 3211 3198 2728 2945 2861 2898 3011 3083 3000 3074 2747 3057 3217 3021 
2960 2522 2817 3194 2807 2721 2737 2729 2598 2792 2763 2782 2830 2663 2778 2781 3124 2955 2430 2986 2696 2689 2487 2530 3061 2901 2753 2910 3102 2999 2945 2900 2917 2813 2991 2658 2575 3067 2837 2795 3022 2674 3025 2666 3176 2937 2734 2896 2457 2612 2763 3021 2836 2977 2507 2836 2541 3007 2957 2588 2874 2738 2708 2748 2788 2671 2867 2799 2584 2885 2927 2674 2661 2878 2720 2979 2842 2870 3175 2744 2958 2761 2901 2753 2887 2790 3037 2874 2658 2783 2666 2553 2819 3035 2607 2836 2697 2979 2932 2850 
2906 2696 2876 3197 2869 2905 2864 2793 2755 2838 2908 2880 2999 2669 2889 2770 2927 3031 2564 2929 2845 2836 2498 2658 2815 2913 2746 3012 3030 3013 3015 2942 2924 3004 2914 2644 2781 3040 3085 2921 3102 2722 3271 2732 3257 3148 2715 2934 2617 2541 2668 3042 2871 2935 2645 2974 2568 2809 2955 2435 2632 2708 2964 2754 2695 2617 2919 2888 2759 2712 2833 2749 2773 2908 2799 3118 2826 2975 3263 2770 2874 2822 2756 2904 3162 2849 3090 2839 2587 2847 2835 2614 2809 2969 2633 3107 2736 2994 2889 3033 
3054 2796 2750 3230 3108 2793 2956 2887 2764 2683 2953 2826 2883 2861 3012 2820 3140 3065 2810 3015 2906 2842 2668 2801 3069 2935 2874 3063 3119 2991 3173 3054 3161 3209 2972 2796 2692 3192 3096 3158 2868 2976 3182 3068 3377 3220 2980 2989 2873 2699 2687 2911 3025 3118 2711 3023 2780 3080 3127 2734 2730 2828 2982 2873 2943 2663 2976 2910 2867 2993 3077 2867 2931 3028 2987 3201 3005 3093 3491 2730 2963 3189 2993 2920 3313 3043 3186 3187 2604 2905 2948 2797 3039 3125 2768 3099 2723 2965 3143 2966 
3187 2834 2999 3289 3102 3008 3160 3020 2924 3065 3034 3092 3072 2775 2943 2826 3128 3180 2891 3174 3097 3077 2809 2800 2970 3240 2914 3185 3266 3027 3174 3242 3153 3309 3226 2852 2890 3133 3227 3266 3223 2954 3254 3058 3550 3291 2921 3141 2923 2680 2732 3140 2962 3171 2950 3293 2862 3155 3116 2791 2876 3040 3173 2931 2978 2845 3049 3119 2836 3093 3188 3100 2997 3236 3127 3138 2978 3246 3673 2944 2963 3189 3089 2922 3505 3081 3233 3219 2838 3096 2959 3045 3042 3089 3187 3279 2919 3118 3239 3146 
3111 2934 2978 3655 3330 3043 3253 3176 2936 3076 3218 3232 3173 3037 3043 2941 3282 3266 2926 3314 3215 3163 2834 3047 3274 3169 3128 3307 3412 3298 3296 3181 3295 3147 3215 3011 2913 3346 3403 3166 3227 3161 3430 2980 3677 3511 3131 3321 2855 2834 2864 3053 2999 3336 2989 3293 2964 3158 3280 2861 2967 3074 3240 3026 3041 2900 3311 3059 2939 3126 3257 3092 3018 3344 3117 3383 3171 3281 3795 3059 3241 3166 3096 3067 3360 3195 3363 3259 2924 3160 3161 2997 3142 3253 3157 3462 2970 3221 3367 3208 
3248 2868 2825 3428 3135 2809 3034 3079 2903 2876 3038 2953 2950 2749 2989 2760 3144 3155 2835 3052 3040 3050 2620 2769 3094 3127 2990 3103 3304 3197 3020 3152 3177 3250 3190 2885 2764 3027 3164 3163 3141 3055 3228 2891 3530 3255 2949 2860 2674 2586 2812 2986 2989 3020 2946 3235 2833 2885 3200 2877 2902 2868 3142 2956 2918 2644 2900 3143 2891 3006 3180 2975 2874 3095 3002 3128 2986 3057 3403 2885 3009 3034 3143 3087 3467 3211 3136 3160 2580 2910 2933 2944 3092 3143 3023 3329 2714 2969 3182 2895 
3063 2869 3005 3412 2979 3010 3070 2962 2952 2876 3068 3150 3086 2824 3006 2978 3201 3317 2803 3219 2937 3014 2690 2775 3216 3027 2934 3083 3162 3181 3185 3158 3175 3080 3057 2794 2792 3275 3265 3003 3260 2794 3411 3031 3397 3132 2945 3009 2714 2726 2915 3145 2943 3106 2895 3156 2722 3115 3154 2640 2928 2877 3055 2922 3014 2794 3077 2965 2683 2998 2892 2856 2882 3115 2988 3292 2896 3231 3529 3072 3201 2973 2900 2753 3266 3016 3294 3126 2868 2909 2897 2873 2898 3042 3132 3166 2601 3054 3028 3098 
2796 2828 2737 3209 2879 2702 2916 2793 2781 2809 2718 2784 2828 2708 2941 2643 2962 2897 2632 2920 2773 2705 2530 2833 3031 2984 2797 3125 3010 2926 3063 2891 3006 3014 2991 2725 2616 3003 3045 2933 3003 2886 3101 2942 3237 3317 2779 3001 2785 2606 2796 2961 2771 3051 2656 2887 2625 2948 2906 2500 2690 2763 3011 2783 2963 2497 3011 2869 2629 2815 2887 2826 2822 2901 2805 3073 2926 3063 3393 2735 2954 3024 3029 2697 3028 2843 3090 2865 2552 2859 2810 2815 3021 3184 2951 3077 2523 2993 3012 3050 
2893 2418 2516 2937 2717 2673 2844 2713 2555 2738 2783 2687 2707 2561 2705 2575 2797 2766 2253 2734 2648 2750 2562 2557 2732 2732 2639 2807 2844 2906 2969 2635 2894 2775 2817 2430 2519 2965 2940 2749 2873 2588 2940 2642 3064 2965 2604 2801 2406 2437 2566 2802 2788 2914 2572 2774 2427 2666 2762 2358 2598 2469 2732 2712 2595 2382 2629 2616 2620 2692 2759 2723 2612 2800 2608 2859 2661 2875 3141 2554 2840 2689 2768 2732 2847 2743 2925 2851 2568 2784 2617 2626 2684 2966 2475 2967 2371 2905 2775 2800 
3220 2923 2744 3411 3176 2975 2965 2896 2997 2935 3118 2807 3004 2928 3021 2889 3345 3191 2946 3074 3039 3133 2774 2924 3235 3046 3136 3149 3223 3095 3190 3135 3342 3264 3254 2768 2672 3245 3226 3076 3216 2899 3462 3092 3407 3380 2897 3251 2809 2881 3012 3079 2943 3263 2834 3295 2758 3197 3184 2820 2869 2897 3146 3040 3170 2760 3282 3021 2869 3112 3035 3061 2951 3009 2890 3362 3107 3228 3520 2888 3084 3038 3193 2931 3235 3032 3352 3186 2807 3061 2983 2998 3132 3336 3085 3137 2769 3205 3141 3156 
2903 2630 2782 3155 2904 2745 2836 2881 2658 2915 2877 2652 2781 2804 2812 2621 2963 2872 2721 2953 2812 2765 2572 2592 2890 2925 2739 3004 3109 2843 2893 2953 2955 2918 3028 2628 2686 2984 3021 3010 3017 2866 3118 2716 3226 3098 2777 2985 2561 2648 2619 2871 2686 2912 2788 2965 2651 2857 2954 2664 2737 2839 2948 2671 2680 2589 2917 2950 2618 2879 3040 2791 2809 3086 2817 3057 2803 2910 3405 2835 2758 2912 3038 2935 3289 2876 2989 2844 2531 2692 2818 2780 2969 2989 2827 3088 2698 2991 2877 2834 
3210 2891 3156 3436 3051 2882 2988 3189 2954 3036 3114 2831 3110 2967 3116 2828 3395 3183 2709 3235 2953 3163 2907 2964 3240 3166 2992 3247 3286 3345 3192 3290 3354 3143 3195 3059 2806 3266 3232 3214 3199 2963 3388 2921 3544 3331 3006 3212 2731 2831 2989 3141 3055 3180 2820 3029 2859 3073 3258 2857 3023 2927 3130 2932 2934 2808 3089 2988 2999 3084 3123 3175 3046 3111 2996 3194 3136 3235 3594 2970 3267 2974 3142 3059 3278 3168 3385 3228 2697 3009 2944 3011 3170 3274 2977 3435 2888 3167 3182 3133 
3466 3199 3336 3808 3380 3247 3387 3305 3028 3342 3423 3251 3412 3149 3395 3193 3526 3342 3066 3450 3493 3345 3019 3059 3402 3427 3288 3433 3528 3439 3490 3372 3490 3455 3585 3069 3252 3374 3503 3345 3589 3250 3784 3194 3748 3714 3104 3334 2841 2848 3124 3280 3183 3489 3288 3592 2983 3376 3611 3040 3029 3200 3466 3116 3312 2986 3352 3419 3069 3268 3524 3168 3269 3468 3335 3616 3207 3280 3931 3142 3428 3274 3433 3432 3638 3385 3492 3382 3056 3453 3221 3167 3328 3529 3279 3724 3112 3416 3454 3560 
3063 2781 2997 3091 2988 3072 3058 3086 2982 2995 3006 2862 3073 2834 3019 2946 3075 3213 2732 3207 2908 2990 2779 2805 3139 2972 2957 3261 3183 3138 3119 3199 3128 2994 3050 2695 2777 3226 3115 3008 3246 2994 3446 2853 3285 3253 2796 3099 2765 2759 2847 3179 3109 3120 2919 2992 2788 3031 3073 2700 3045 2697 3149 2998 3181 2882 3209 3050 2731 2991 2854 2861 2891 3046 2930 3331 3140 3383 3480 3002 3057 3083 2979 3051 3426 3059 3170 2979 2926 2885 2937 2957 3111 3189 2983 3205 2800 3092 3098 3044 
2931 2773 2860 3255 3012 2834 2761 2943 2760 2800 2923 2753 2962 2773 2947 2676 3093 2941 2591 2956 2951 2915 2510 2771 2982 2926 2807 2999 2999 2996 2987 2972 3099 3056 3103 2653 2447 3014 3084 2906 3044 2856 3241 2796 3255 3155 2800 3006 2741 2640 2622 3019 2796 2867 2698 3054 2624 2857 2936 2586 2717 2733 2961 2836 2918 2470 2955 2915 2727 2793 2847 2878 2818 2986 2801 3033 2889 2959 3437 2826 2971 2909 3000 2925 3176 2925 2929 2950 2762 2778 2865 2856 2959 3103 2925 3172 2760 3085 3065 3185 
2947 2710 2785 3105 2941 2794 2748 2922 2707 2896 2815 2875 3028 2724 2857 2788 3026 2991 2540 3023 2861 3044 2678 2764 2935 2998 2872 2895 3092 3083 3061 2959 3066 2960 2958 2687 2622 3076 3180 2991 2989 2777 3163 2636 3341 3189 2874 2870 2636 2603 2869 3013 2964 2880 2747 2890 2639 2843 2895 2694 2754 2811 2903 2834 2791 2514 2958 2926 2670 2833 2855 2793 2941 3088 2873 3213 2915 3124 3423 2663 3030 2824 3042 2852 3264 2982 3107 3013 2779 2818 2770 2619 2977 3087 2654 3101 2591 2937 2966 3000 
2991 2671 2551 3185 2880 2680 2896 2748 2705 2894 2747 2758 2852 2594 2783 2578 3001 2995 2510 2974 2790 2754 2484 2619 3045 2911 2775 2941 3039 2978 2962 2924 2996 2934 3076 2661 2506 3125 2971 2819 2956 2748 2961 2766 3275 3155 2769 2904 2584 2503 2626 2900 2761 2976 2634 2893 2565 2866 2876 2537 2715 2628 2850 2817 2836 2562 2892 2809 2665 2926 2860 2974 2654 2765 2798 2959 2849 2889 3251 2790 2925 2882 2891 2758 2999 2873 3026 2972 2581 2818 2743 2768 2915 3050 2744 2997 2615 2840 2854 2805 
3303 2698 2788 3254 2817 2879 2956 3007 2883 2955 3022 2947 3100 2784 3056 2894 3282 3179 2562 3066 2966 2860 2645 2767 2966 3075 2877 3031 3055 3045 3069 2987 3173 3000 3044 2852 2819 3064 3174 2943 3070 2795 3185 2704 3354 3249 3031 3108 2721 2622 2965 2877 2862 3029 2848 3105 2770 3025 3039 2713 2769 2752 3063 3005 2724 2571 2894 3033 2926 3004 3011 2995 2817 3203 2972 3036 2907 3162 3511 2822 3100 3055 3036 2908 3271 2966 3305 3127 2679 3056 2748 2780 2942 3200 2965 3192 2712 2969 3073 3025 
3158 2844 2801 3356 2965 3028 2871 2902 2818 2929 2950 2855 2989 2841 3027 2938 3095 3110 2702 3239 2945 2998 2605 2906 3264 3089 2964 3235 3220 3098 3108 2995 3222 3125 3101 2883 2766 3174 3278 3064 3163 3025 3361 2968 3439 3344 2807 3043 2803 2733 2940 3093 2971 3122 2803 3083 2934 3082 3156 2741 2805 2731 3110 2934 2939 2578 3062 2992 2744 3010 2995 2777 2985 3165 3017 3172 2962 3335 3452 2741 3108 3015 3126 3030 3352 3116 3077 3053 2656 2962 2855 2840 3132 3219 2865 3247 2796 3199 3085 2981 
3002 2715 2810 3189 3096 2931 2938 2992 2985 2792 2843 2931 2954 2821 2855 2786 3218 3174 2730 3132 2966 2977 2694 2768 3180 3039 2972 3106 3139 3104 3153 3214 3058 3160 3228 2739 2718 3094 3334 3191 3059 2962 3082 2990 3345 3233 2997 2983 2828 2717 2782 3000 2914 3108 2683 2957 3032 2864 3153 2735 2955 2889 3039 2883 2996 2734 2950 3023 2750 2965 3061 2957 2868 3175 2803 3117 2946 3086 3464 2843 3079 3121 3047 2965 3268 3081 3146 3052 2690 2952 2935 2718 3127 3151 2991 3061 2636 2947 3246 2893 
2932 2697 2743 3052 2945 2825 3046 2699 2769 2915 2823 2658 2967 2572 2812 2615 3141 2976 2666 2952 2836 2917 2583 2760 2894 2900 2833 3007 3020 3029 3094 2894 3212 3046 2987 2674 2563 3090 3010 2936 3009 2766 3213 2851 3297 3092 2773 2900 2648 2573 2697 3082 2932 2952 2688 2869 2563 2918 2915 2598 2734 2661 2902 2845 3007 2633 2994 2898 2457 2858 2869 2757 2875 2918 2707 3143 2957 3135 3477 2773 2998 2888 2999 2734 3084 2857 3092 2947 2723 2805 2678 2892 2859 3168 2899 2974 2584 3072 2957 3020 
3179 2894 3022 3535 3127 3088 3077 3110 3196 3080 3070 2983 3114 3039 3268 3159 3347 3279 2935 3278 3073 3148 2775 3144 3314 3202 3289 3258 3352 3277 3379 3251 3301 3402 3260 2910 2915 3393 3405 3229 3235 3233 3551 2991 3624 3421 3176 3078 2915 2770 3068 3176 3211 3238 3010 3314 2859 3103 3277 2786 3193 2996 3124 3177 3158 2862 3151 3272 2836 3041 3232 3113 2989 3132 3050 3384 3124 3217 3620 3181 3266 3130 3276 3234 3368 3289 3236 3298 2885 3186 3204 2964 3089 3384 2943 3545 2838 3368 3200 3341 
2971 2774 2705 3313 3106 2930 3033 2882 2925 3055 3103 2860 3049 2828 2910 2764 3249 3078 2702 2962 2953 3104 2582 2919 3080 2977 3073 3220 3177 2973 3121 3148 3039 3157 3178 2843 2741 2950 3130 3011 2986 2956 3188 2956 3381 3296 2934 3183 2738 2680 2695 3085 2844 2981 2715 3133 2872 2905 3099 2585 2836 2877 3196 3025 2897 2764 2975 3011 2736 3045 3079 2854 2859 3064 2876 3278 2978 3124 3683 2880 3054 3056 3145 3070 3301 3105 3080 3059 2678 2817 2846 2877 3056 3235 2837 3282 2776 3043 3067 3071 
2911 2558 2789 3075 2892 2687 2839 2770 2834 2827 2944 2941 2904 2484 2725 2633 3051 2998 2482 2825 2761 2872 2482 2557 2861 2862 2789 2819 3095 2910 2936 2771 2930 2848 2995 2578 2654 2970 2933 2797 3009 2683 2980 2657 3280 3012 2686 2970 2637 2518 2571 2901 2721 2859 2539 2908 2635 2677 2883 2533 2737 2729 2786 2819 2777 2585 2809 2803 2608 2928 2780 2846 2643 2952 2668 2901 2848 2955 3320 2707 2825 2744 2858 2815 3171 2874 3179 2865 2487 2673 2701 2618 2708 2975 2816 3079 2524 2890 2908 2899 
3073 2758 2875 3282 2921 2888 2897 2987 2955 2999 2954 2848 2950 2827 3055 2940 3177 3151 2654 3155 2800 2981 2717 2789 3193 2875 2836 3152 3151 3258 3153 3210 3163 3066 3157 2804 2659 3255 3178 2937 3108 2858 3255 2956 3393 3228 2764 2957 2560 2610 2947 3123 2927 2981 2778 2802 2703 2974 3064 2669 2910 2696 3009 2881 2996 2643 2915 2906 2574 2872 2903 2850 2941 3112 2780 3205 2907 3270 3353 2728 3233 3016 3056 3064 3237 2842 3254 2944 2715 2975 2987 2825 2914 3271 2836 3198 2725 3133 2996 2995 
2897 2649 2675 3044 2922 2695 2971 2778 3066 2883 3000 2753 2961 2648 2914 2609 3170 2992 2557 2845 2768 2851 2510 2695 2919 2891 2903 2962 3030 2772 2876 2809 2985 2956 2958 2647 2681 2930 2980 3045 2934 2867 3108 2790 3228 3139 2711 2940 2568 2551 2656 2826 2751 2930 2634 2893 2611 2681 2863 2482 2786 2835 3075 2977 2805 2698 2827 2757 2565 2849 2939 2689 2667 2855 2723 3003 2909 2850 3561 2741 2744 2958 2954 2832 3076 2948 3078 2953 2450 2974 2755 2783 2878 3116 2932 3033 2623 2996 3007 3038 
2738 2513 2371 2950 2862 2657 2635 2647 2408 2571 2725 2641 2765 2595 2691 2501 2845 2685 2556 2722 2719 2731 2403 2471 2629 2725 2681 2559 2758 2808 2716 2841 2837 2772 2805 2540 2409 2861 2971 2720 2751 2536 3006 2592 3070 2887 2565 2772 2438 2456 2616 2781 2541 2697 2540 2846 2423 2597 2710 2515 2534 2520 2681 2589 2596 2478 2809 2583 2646 2670 2557 2677 2549 2772 2642 2908 2642 2949 3063 2515 2818 2654 2836 2573 3010 2663 2857 2727 2501 2655 2669 2446 2794 2908 2583 2887 2334 2724 2802 2820 
3037 2733 2891 3206 2933 2924 2877 2906 2771 2892 2976 2968 2832 2727 2992 2678 3006 3036 2638 3005 2859 2749 2700 2780 3105 2979 2637 3115 3087 3141 3000 3108 3177 3039 3099 2752 2813 3186 3106 2824 3140 2857 3072 2827 3281 3278 2714 3098 2741 2577 2870 2896 2861 2965 2854 2962 2630 2988 2940 2717 2792 2721 2931 2771 2982 2756 2944 2938 2720 2960 2953 2865 2855 3048 2935 3354 2925 3089 3296 2910 2939 2815 3115 2933 3353 2831 3138 2836 2746 2782 2809 2813 2913 3022 2917 3119 2528 3033 2855 2903 
2869 2563 2716 3270 2808 2778 2803 2826 2810 2872 2865 2807 2913 2651 2951 2654 3189 3027 2479 3017 2791 2876 2560 2739 2950 2894 2881 2995 3098 2943 2999 2912 2937 2906 2927 2708 2729 2930 3139 2900 3030 2796 3224 2742 3107 3276 2843 2881 2518 2765 2665 2978 2775 3054 2569 3036 2702 2936 3082 2577 2723 2720 2997 2798 2878 2660 2935 2798 2739 2938 2945 2811 2735 3024 2889 3123 2887 2882 3351 2857 2976 2817 2972 2746 3033 2951 2986 2997 2613 2725 2745 2560 2900 3095 2814 3174 2593 2988 2955 3003 
3050 2643 2824 3157 3104 2802 2842 2954 2767 2761 2827 2724 2933 2656 2922 2916 2957 3032 2672 3045 2794 3026 2534 2735 2941 2910 2937 3035 3157 2932 3049 3064 3063 3039 3049 2777 2724 3185 3088 3082 3076 2904 3154 2889 3297 3309 2784 3040 2883 2684 2709 2949 2963 2997 2747 2912 2932 2924 2960 2634 2750 2751 3134 2787 2816 2643 2885 2792 2668 2969 2932 2758 2794 3021 2799 3190 2884 3113 3346 2573 2901 2958 3018 2925 3375 3009 3087 2975 2628 2792 2849 2817 2972 3054 2679 3093 2711 2986 2999 3047 
3009 2734 2954 3281 3116 2821 2989 2891 2835 2995 3218 2865 2898 2756 3052 2870 3334 3114 2576 3054 3111 2934 2598 2798 3053 3023 2998 3026 3262 3011 3133 3228 3213 2983 3258 2642 2808 3289 3284 3007 2962 2851 3116 2968 3430 3290 2955 3145 2842 2756 2952 3061 2968 3051 2811 2975 2762 3044 3140 2826 2921 2849 2959 2882 2855 2909 3000 2841 2923 3052 3005 3132 2723 3135 2856 3202 2870 3032 3550 2952 3016 3122 3187 2884 3226 3002 3200 3070 2701 3026 2986 2870 3077 3283 3009 3204 2760 3084 3220 3109 
3047 2781 2850 3318 3086 2916 3026 2919 2807 2862 3174 2847 2996 2847 2851 2750 3168 2994 2838 2974 3054 3039 2612 2851 3190 3176 3008 3093 3277 3234 3018 3013 3209 3155 3221 2848 2694 3146 3138 2992 3025 2894 3313 2875 3373 3430 2890 3198 2715 2756 2747 3161 2940 3015 2706 3142 2721 2896 3176 2717 2908 2817 3080 2740 2901 2717 3102 2935 2850 2958 3051 2828 2904 3151 2968 3261 2908 3031 3475 3021 3101 2947 3011 2950 3150 3229 3112 3187 2710 3041 2835 3030 3085 3235 2984 3396 2822 3272 3069 3114 
3719 3320 3409 3923 3790 3345 3558 3457 3610 3407 3735 3575 3609 3299 3626 3354 3670 3703 3233 3758 3681 3439 3201 3243 3669 3602 3364 3644 3800 3655 3798 3684 3688 3723 3831 3241 3402 3813 3718 3637 3681 3585 3802 3380 4125 4000 3465 3596 3313 3018 3339 3564 3432 3622 3285 3549 3237 3593 3695 3060 3355 3346 3520 3473 3537 3275 3517 3572 3235 3491 3514 3402 3304 3633 3577 3989 3561 3750 4076 3251 3584 3620 3676 3674 3936 3495 3900 3559 3300 3540 3414 3363 3484 3769 3562 3737 3255 3675 3695 3615 
3051 2781 2968 3483 3086 2782 3112 2977 2957 3093 3039 3051 3054 2851 3049 2759 3200 3006 2693 3155 3137 2936 2721 2873 3197 2945 2947 3219 3135 3127 3485 3026 3156 3059 3086 2927 2745 3250 3251 2944 3099 2967 3231 3074 3465 3340 2908 3130 2894 2756 2869 2979 2983 3052 2618 2957 2695 3022 3182 2658 2881 2856 3057 2995 3038 2711 3116 3008 2786 2967 3115 3054 3154 3103 3116 3200 3241 3161 3601 2904 3145 3087 3081 2964 3186 2893 3300 3111 2602 3023 2824 2917 3017 3200 3133 3268 2757 3258 3124 3229 
3292 3055 3047 3524 3304 3116 2992 3231 3096 3074 3180 3156 3235 2937 3194 3124 3485 3322 2939 3411 3301 3224 2847 3092 3324 3136 3235 3370 3369 3358 3453 3431 3321 3364 3192 2996 2967 3282 3258 3218 3314 3141 3517 3118 3609 3603 3182 3388 2822 2885 3084 3419 3262 3315 3030 3295 3010 3349 3331 3060 3156 3109 3297 2992 3268 2961 3311 3295 3002 3343 3239 3194 3150 3379 3164 3590 3316 3446 3767 3103 3253 3136 3315 3302 3504 3212 3331 3158 2986 3086 3129 2939 3258 3360 3103 3382 2902 3234 3210 3215 
3208 2678 2853 3159 3146 2704 3022 2991 2844 2967 3032 2777 2895 2721 2968 2743 2979 3052 2645 3232 2891 3001 2707 2769 2999 2836 2841 3223 3161 2957 3168 2947 3238 2992 3004 2849 2703 3288 3144 2894 3022 2639 3130 2851 3305 3209 2771 3053 2677 2704 2755 2856 2790 2990 2768 2922 2666 3026 3036 2641 2882 2884 3058 2930 2965 2702 3172 2901 2607 2931 2927 2847 2746 3114 2981 3331 2986 3239 3521 2782 3048 2951 3035 2913 3108 2980 3381 3157 2747 2898 2886 2956 2902 3115 2982 3116 2532 3206 3071 3105 
3215 2853 3074 3456 3169 2955 3141 3109 2994 3060 3193 2995 3105 2885 3214 3049 3216 3297 2830 3222 3053 3030 2665 3076 3264 3224 2989 3252 3410 3257 3225 3180 3269 3259 3225 2941 2885 3195 3343 3137 3396 3191 3516 2931 3633 3385 2981 3207 3013 2837 2981 3203 3085 3363 3063 3245 2901 3148 3267 2823 3037 3024 3124 3098 3100 2953 3186 3208 3002 3020 3170 3109 2847 3232 2947 3407 3068 3237 3699 2965 3116 3234 3122 3024 3447 2976 3358 3295 2834 3079 3010 3052 3094 3441 3190 3455 2917 3409 3222 3170 
3354 3094 2992 3632 3268 3062 3113 3064 3048 3115 3208 3179 3322 3027 3315 2964 3410 3233 3020 3315 3143 3023 2775 3015 3243 3376 3118 3309 3247 3319 3333 3159 3314 3339 3254 3087 2924 3188 3332 3041 3235 3011 3522 3143 3678 3425 3158 3225 3045 2858 2996 3192 3142 3205 2922 3384 2868 3137 3264 2820 2989 2936 3230 3279 3162 2701 3269 3215 3065 3117 3141 3111 3139 3243 3287 3434 3116 3529 3791 3004 3357 3283 3275 3000 3498 3300 3407 3423 2842 3166 3081 3003 3261 3578 3177 3451 2969 3265 3495 3391 
3216 2797 2932 3320 3158 2912 2909 3037 3073 2881 3167 3133 3086 2907 3189 2860 3160 3111 2731 3159 2943 3092 2749 2996 3110 3169 2836 3238 3219 3279 3147 3094 3261 3201 3131 2916 2948 3234 3320 3239 3211 2987 3351 2921 3528 3538 2905 3156 2939 2712 3042 2964 3053 3068 2875 3038 2783 3043 3071 2750 2924 2893 3182 3088 2974 2714 2983 3052 2850 2970 3023 2896 3038 3180 3048 3533 3015 3325 3631 2852 3155 3009 3213 3049 3422 3155 3311 3110 2750 3040 2963 2922 3103 3251 3015 3281 2706 3175 3244 3117 
3130 2676 2844 3348 3099 2904 2932 2924 2751 2876 3007 2825 2808 2640 3056 2843 3039 2973 2781 3090 2843 2949 2650 2871 3030 3005 2900 3080 3099 3130 2983 2927 3155 3043 3028 2905 2670 3107 3084 2833 3035 2949 3201 2859 3374 3211 2806 3150 2776 2707 2601 2997 2794 3126 2814 3104 2736 3026 3048 2839 2784 2792 3039 2878 2919 2626 2854 2858 3037 2983 3051 2940 2778 3101 2942 3187 2840 3143 3455 2801 3146 2918 3042 2765 3196 3082 3230 3227 2664 2949 2904 2881 2911 3187 2970 3271 2567 3133 3150 3146 
3214 3084 2872 3387 3196 2792 3006 3068 2831 2815 3042 3076 3186 2852 3050 3061 3291 3155 2678 3195 3199 2938 2578 2882 3165 2982 2874 3089 3139 3120 3323 3207 3235 3176 3036 2840 2885 3156 3243 3125 2989 3123 3349 2937 3554 3401 3006 3094 2758 2664 2878 3122 2965 3073 2990 3066 2697 3081 3191 2847 2872 2892 3209 2908 2983 2859 3222 3035 2913 2953 3112 2941 2911 3228 3159 3315 3048 3249 3549 2929 2977 3134 3125 3098 3354 3207 3268 3074 2677 2898 2903 2948 3126 3265 2997 3178 2614 3015 3192 3143 
3089 2862 2888 3259 3233 2910 2866 3043 2886 2999 2877 2902 3069 2812 3094 2801 3379 3165 2834 3177 3120 2964 2757 2866 3088 3166 3128 3136 3263 3123 3136 3225 3259 3270 3343 2892 2815 3129 3272 3211 3150 2977 3224 3008 3486 3388 3062 3090 2797 2736 2834 3087 2997 3161 2904 3153 2941 3060 3044 2871 2897 2865 3094 2930 3088 2792 2960 2950 2868 3112 3025 2996 3003 3235 2984 3244 3002 3135 3582 2931 3150 3135 3251 3045 3324 3022 3155 3088 2747 3178 2958 2747 3109 3344 2882 3291 2826 3076 3217 3185 
3076 2726 2991 3153 2924 2700 2806 2901 2719 2818 2947 2828 2813 2698 2880 2727 3063 3012 2469 2887 2893 2911 2736 2778 3103 2769 2856 2958 3058 3139 3108 2979 3042 2897 2813 2817 2546 3148 2973 2829 3017 2857 3148 2814 3184 3242 2752 2866 2620 2594 2692 2964 2929 3040 2575 2733 2588 2865 2836 2702 2846 2798 2994 2750 3031 2761 2869 2850 2699 2740 2961 2837 2833 2936 2902 3144 3078 3091 3228 2680 2975 2868 2932 2780 3112 2863 3341 3037 2742 2920 2714 2766 2946 3077 2798 3150 2526 2975 2922 3070 
3256 3005 3138 3506 3009 3004 3060 3125 3217 3175 3145 3036 3219 2758 3095 2943 3427 3244 2766 3288 3123 3164 2787 2866 3226 3325 3117 3379 3246 3261 3316 3349 3464 3308 3246 2975 2826 3323 3489 3222 3340 3011 3422 3203 3659 3287 3020 3138 2815 2746 2980 3189 2893 3055 2979 3207 2853 3030 3286 2835 2899 2891 3312 3161 3100 2965 3071 3164 2872 3086 3086 3119 2980 3092 3213 3174 3126 3456 3644 2962 3272 3184 3239 3015 3428 3206 3353 3241 2904 3035 3018 3039 3064 3323 3214 3292 2847 3164 3236 3105 
3114 2757 2947 3363 3077 2866 2958 3031 3045 2925 2966 2977 2994 2798 3082 2927 3094 3270 2771 3152 3034 2931 2684 2949 3180 3132 3024 3148 3230 3174 3105 2983 3270 3162 3029 2823 2828 3257 3203 2984 3055 3159 3217 2944 3576 3328 2931 3137 2963 2664 2789 2964 2971 3106 2830 3070 2859 3033 2984 2722 2825 2802 3049 2986 3010 2688 3063 2998 2849 3009 2956 2948 2811 3093 2997 3244 3123 3188 3533 2926 3135 3058 3105 2909 3346 3194 3427 3043 2686 3042 3056 2823 2987 3157 2995 3260 2725 2945 3166 3225 
2905 2605 2551 2976 2694 2621 2778 2720 2511 2548 2835 2721 2698 2585 2647 2623 2846 2951 2476 2815 2859 2775 2375 2406 2689 2767 2778 2826 2822 2739 2849 2700 2906 2734 2832 2539 2473 2836 2993 2738 2670 2550 2984 2478 3229 2772 2621 2681 2604 2368 2567 2637 2692 2842 2531 2820 2529 2607 2824 2388 2586 2484 2690 2608 2529 2355 2923 2680 2622 2725 2678 2705 2551 2859 2624 2804 2785 2937 3178 2570 2801 2723 2799 2723 2918 2763 2944 2792 2527 2877 2518 2518 2713 2806 2644 2872 2479 2789 2833 2707 
2900 2651 2757 3257 3004 2761 2959 2957 2786 2755 2844 2882 3002 2691 2976 2812 2944 3091 2725 3116 2803 2899 2593 2809 3009 2802 2784 2958 3083 3030 3020 3094 2907 2944 2816 2562 2649 3025 3013 2849 2968 2873 3234 2972 3408 3097 2798 2849 2828 2629 2708 2977 2896 2942 2742 2936 2748 2901 2901 2576 2691 2630 2948 2837 2885 2700 2862 2890 2839 2834 2822 2819 2898 2895 2953 3068 2864 3195 3386 2742 3078 2931 2853 2712 3175 3029 2967 3089 2674 2801 2960 2773 2975 3124 2884 3051 2577 2971 3199 3018 
3021 2456 2695 3124 3060 2625 2567 2822 2663 2619 2972 2729 2657 2611 2968 2834 2934 2774 2414 2807 2823 2834 2439 2540 2936 2805 2613 2796 3012 2929 2827 2856 2983 2711 2838 2640 2649 2980 2931 2905 2998 2614 2989 2534 3117 3012 2591 2864 2516 2509 2668 2760 2788 2711 2520 2818 2578 2713 2791 2526 2661 2575 2964 2662 2577 2541 2734 2701 2665 2631 2755 2599 2431 2890 2782 3000 2826 2848 3171 2428 2829 2851 2759 2873 3116 2798 3047 2889 2480 2746 2755 2584 2752 2927 2541 2961 2615 2908 2901 2902 
3298 2737 2931 3181 3141 2890 2998 3128 2949 2955 2990 2754 2941 2754 3118 2772 3053 3030 2740 3068 2997 2977 2764 2804 3012 2921 2978 3065 3125 3030 3282 2887 3045 3036 3098 2826 2799 3152 3027 2952 3158 2834 3291 2795 3423 3112 2762 2935 2809 2640 2858 3100 3048 2991 2784 2923 2782 3044 2962 2749 2898 2887 3062 2813 2943 2611 2941 2926 2812 2894 2929 2931 2869 3099 3001 3249 2924 3148 3528 2878 2975 2991 3170 2940 3227 3099 3163 3252 2746 2965 2772 2997 2896 3111 2943 3208 2762 3178 3144 3169 
3100 2858 3076 3507 3261 3113 3056 3129 2938 3026 3265 3147 3274 2957 3208 3037 3314 3334 2701 3391 2999 3196 2783 2935 3311 3137 2917 3180 3463 3332 3267 3249 3360 3215 3339 3026 2966 3335 3333 3247 3366 2919 3498 2964 3520 3542 3068 3156 2829 2907 3079 3271 3130 3184 2956 3216 2809 3175 3185 2933 2936 2938 3137 3022 3054 2940 3185 3096 2861 3261 3170 2890 3012 3246 3121 3644 3107 3312 3746 3029 3340 3124 3327 3075 3483 3259 3390 3226 2939 2987 3044 2903 3131 3213 2891 3393 2730 3171 3114 3312 
