100 100
61 69 41 39 49 25 82 31 28 100 40 51 97 68 48 82 98 90 66 83 1 88 17 91 63 45 4 12 6 71 94 67 48 12 63 14 93 40 73 65 82 44 86 24 3 53 44 7 79 88 19 41 67 63 25 72 8 11 36 17 16 32 68 25 41 2 36 75 77 57 12 53 4 99 59 22 83 52 5 97 37 81 34 65 92 22 26 58 9 22 89 64 65 26 41 85 100 16 58 41 
11 93 33 53 19 65 10 32 46 69 13 61 10 61 73 65 54 81 57 92 0 71 34 6 24 39 2 27 1 18 32 28 24 93 31 26 38 3 40 67 28 2 16 59 30 55 53 4 97 41 27 6 81 12 30 84 35 79 61 85 39 81 69 28 78 12 7 29 89 49 76 49 1 42 21 62 41 86 51 43 72 71 81 39 93 16 24 24 39 71 47 36 1 70 39 60 8 68 64 94 
26 33 71 24 1 78 53 1 31 45 85 4 69 5 96 44 26 80 34 15 29 22 63 39 1 65 100 86 14 0 38 3 69 36 63 83 19 31 13 84 65 39 29 24 24 71 59 85 74 3 44 89 47 53 62 64 66 78 43 50 1 29 47 28 34 79 26 63 66 71 31 50 27 97 14 52 56 24 13 62 34 29 94 69 36 16 89 4 2 1 73 41 78 21 49 28 94 75 41 34 
9 34 42 66 8 61 35 75 45 85 61 12 66 25 58 55 20 77 63 72 60 66 91 72 74 75 33 38 24 97 19 15 18 53 62 51 50 73 10 57 12 99 82 0 3 2 16 22 79 94 2 8 78 98 25 11 90 75 41 26 83 38 16 84 27 73 51 52 38 77 83 54 88 61 92 98 29 95 61 50 94 39 67 36 41 52 80 67 71 24 92 6 9 1 63 75 57 43 16 13 
92 32 40 76 68 34 82 12 62 42 13 88 69 19 98 98 14 51 60 57 54 31 75 73 45 89 8 87 45 17 78 96 22 33 93 63 10 37 58 21 0 6 88 95 34 83 34 39 58 90 68 9 91 19 5 16 26 5 30 57 90 73 86 25 13 4 25 3 62 1 38 93 53 100 0 22 45 19 53 67 27 77 56 86 0 70 45 2 95 100 10 86 23 27 80 56 94 50 50 25 
72 34 45 65 39 44 53 97 68 83 95 29 75 58 67 20 55 82 22 17 93 48 50 26 2 37 78 57 17 20 20 88 89 81 17 59 72 67 14 88 24 54 64 40 97 52 43 7 73 74 52 81 94 70 46 88 96 5 49 0 56 85 80 37 57 2 47 36 32 62 100 81 65 45 61 77 56 76 58 21 92 85 65 63 65 82 55 83 55 49 48 89 22 71 19 28 25 36 63 10 
26 53 40 86 9 26 7 28 34 97 68 26 65 21 50 3 22 96 78 95 80 62 69 28 56 62 78 84 96 70 76 38 79 93 7 21 4 2 30 54 80 63 74 23 19 3 61 46 51 50 95 25 41 67 16 29 48 10 82 24 73 60 78 1 89 46 70 64 96 40 93 73 90 2 45 87 18 0 71 56 91 15 30 4 32 55 82 74 47 51 32 41 54 37 40 76 47 85 32 83 
51 45 16 47 62 59 13 94 62 41 9 75 22 74 16 64 77 69 78 74 88 82 16 36 41 48 46 14 62 82 97 8 81 39 55 17 32 86 92 20 21 81 67 57 4 52 94 73 59 32 15 48 73 85 79 2 92 90 65 11 69 7 31 39 79 45 57 29 13 60 8 90 64 86 48 82 61 63 66 96 84 20 50 7 35 14 80 32 80 98 34 66 54 25 18 52 98 82 8 8 
85 28 46 89 17 53 73 58 26 38 34 68 94 83 57 57 79 68 32 98 46 88 17 34 48 69 18 86 76 33 5 27 79 91 70 2 62 34 34 29 23 44 38 28 83 92 45 25 63 38 8 7 84 1 1 47 8 13 50 57 80 65 0 27 62 73 52 100 1 30 85 72 14 15 33 59 6 49 26 83 5 74 51 91 49 47 17 43 60 45 0 31 17 52 88 21 28 67 32 59 
29 90 68 41 49 88 39 75 68 19 17 77 85 79 81 12 88 98 41 84 93 54 11 11 78 8 88 2 50 14 28 99 2 13 2 51 50 20 96 86 98 95 58 74 38 7 24 27 44 81 22 85 99 43 81 29 0 35 64 54 99 1 19 44 29 98 10 86 48 93 57 71 4 97 28 28 53 25 38 3 74 21 96 49 75 57 14 17 86 11 28 61 52 40 73 68 65 71 60 3 
22 92 35 27 71 78 47 24 10 98 14 59 12 33 59 32 4 98 46 31 14 44 56 27 89 88 24 45 36 27 62 41 45 6 40 88 90 10 40 33 0 80 65 88 47 78 10 34 32 69 40 19 69 47 14 53 62 19 50 59 32 11 67 87 92 82 92 48 26 36 5 81 41 2 95 62 69 72 53 45 23 61 48 47 61 10 9 55 64 97 94 88 9 72 46 21 38 55 89 89 
71 14 59 68 31 89 69 87 36 99 75 63 18 85 4 78 46 84 28 3 41 81 74 74 94 75 7 11 95 97 55 5 14 53 75 64 74 67 11 91 17 38 82 33 16 5 98 17 52 97 60 6 14 21 79 42 91 54 14 15 69 73 24 31 90 71 81 59 9 83 57 45 11 59 35 83 74 73 62 34 9 11 83 97 90 97 11 36 27 42 20 22 3 43 98 54 77 78 85 33 
93 92 84 29 64 87 52 76 3 94 73 0 17 87 14 76 84 25 1 43 95 36 73 82 45 81 73 17 6 44 79 84 78 44 59 66 10 92 56 47 67 28 52 60 76 36 5 94 54 33 65 75 56 41 60 41 8 90 12 81 30 34 2 57 50 64 34 14 11 75 80 15 36 3 67 38 53 51 19 65 7 0 45 20 39 57 81 4 97 48 21 99 43 34 17 80 12 51 27 53 
83 17 34 53 49 60 25 11 55 30 22 59 99 13 94 5 74 81 23 91 54 52 14 35 89 76 37 71 34 14 14 88 70 21 68 36 64 15 3 36 95 81 3 25 37 35 9 14 43 41 82 17 21 15 94 8 66 85 6 15 13 40 17 33 4 74 73 0 68 75 39 40 82 26 60 76 11 75 96 38 8 71 78 36 52 44 77 6 78 93 87 67 42 3 77 64 78 1 60 70 
94 11 37 54 61 52 100 100 27 0 25 84 98 56 1 68 51 13 59 96 61 38 74 94 96 44 28 10 13 21 61 95 62 97 14 61 90 18 25 26 44 77 2 17 65 25 96 90 82 30 34 93 17 88 93 70 10 90 92 68 12 1 16 22 76 44 81 81 77 97 22 34 45 45 54 40 35 5 7 3 66 19 2 38 14 1 24 37 66 63 63 43 38 56 62 86 12 21 87 64 
65 11 84 3 44 49 84 68 42 49 27 21 30 25 91 8 67 90 37 65 61 47 46 1 5 99 44 20 9 30 56 35 8 7 40 64 50 25 43 59 39 97 13 71 38 96 68 63 77 94 12 63 65 51 24 54 85 68 60 30 96 70 66 70 15 85 84 76 65 75 70 11 60 81 81 92 18 11 80 32 26 37 0 100 70 41 36 32 19 13 8 22 85 50 47 28 13 43 79 74 
6 42 0 1 33 28 1 10 96 35 51 32 26 95 91 20 47 27 11 3 26 53 16 23 20 47 55 90 59 44 67 14 86 28 81 14 56 64 38 0 13 44 8 32 55 55 7 7 76 15 69 50 53 98 95 29 21 49 3 9 6 94 87 84 7 73 82 1 8 19 96 37 86 51 78 100 81 77 35 62 51 11 18 53 76 62 29 37 55 15 50 49 32 74 13 91 42 81 89 59 
48 43 62 58 38 93 90 19 70 7 24 7 71 88 39 8 10 97 20 69 98 90 61 29 50 92 61 37 26 72 69 12 33 59 23 56 92 75 44 63 74 12 10 17 70 5 71 8 4 32 31 4 68 47 100 16 36 89 28 57 88 61 17 21 10 68 34 37 22 54 67 98 73 84 1 96 0 36 38 65 16 38 31 23 60 97 96 88 27 58 39 88 94 75 72 91 80 75 63 82 
2 48 23 56 24 39 26 29 48 79 61 39 49 76 11 1 62 85 60 85 12 82 96 72 0 69 41 82 38 69 36 80 68 14 20 15 96 48 67 100 40 91 77 62 48 2 35 20 36 61 86 22 51 74 99 27 40 7 84 66 81 26 34 79 66 64 71 65 97 9 24 55 38 7 4 96 45 16 38 23 24 38 10 10 60 33 83 37 72 59 45 21 20 47 2 0 86 77 80 92 
87 18 76 96 26 50 38 62 29 31 7 22 73 73 71 84 87 82 14 34 69 77 13 55 0 93 28 47 89 85 75 4 92 9 96 85 9 84 15 43 33 42 93 34 71 74 79 97 96 60 82 86 99 90 62 74 59 93 70 92 31 65 68 63 91 68 46 29 3 46 91 54 65 97 69 68 55 74 22 32 67 95 100 82 62 72 7 66 75 84 56 94 40 75 86 15 28 100 76 24 
57 39 35 32 38 54 14 93 17 76 26 34 99 87 64 35 66 62 72 29 68 8 100 42 0 23 40 78 25 100 73 49 86 12 95 80 0 66 48 0 47 62 24 21 42 79 83 53 73 70 86 51 34 35 72 36 20 93 97 36 10 80 28 98 11 0 11 9 70 83 15 72 32 45 79 0 7 78 75 75 12 84 5 47 2 17 88 16 16 94 60 71 54 91 85 79 66 41 40 11 
76 99 59 16 45 50 15 1 64 5 21 14 56 87 9 90 2 87 73 58 78 87 95 7 64 73 39 89 39 38 49 100 15 68 62 34 5 82 37 88 89 74 52 94 44 77 99 49 22 45 26 9 35 23 25 66 72 49 96 100 19 68 34 63 87 63 74 73 97 45 24 47 51 63 75 24 15 99 69 47 94 57 98 45 11 62 42 31 59 26 9 0 72 59 29 9 46 5 86 89 
8 18 55 15 94 40 70 85 88 74 97 65 3 66 64 80 59 89 54 11 69 84 13 15 52 30 18 56 21 95 84 39 1 95 1 79 46 1 94 90 71 54 5 87 95 63 59 67 82 99 21 35 0 29 35 32 68 44 33 30 54 89 58 69 43 100 86 24 60 15 64 12 13 0 40 31 87 84 92 33 98 85 56 86 73 77 63 83 78 23 39 24 43 25 59 71 59 13 32 30 
11 39 38 81 31 7 86 13 49 35 54 29 89 55 77 40 38 10 91 5 6 10 59 85 97 69 31 18 7 59 0 58 84 99 34 30 73 80 74 42 68 17 26 59 34 65 17 30 18 39 37 56 83 15 0 34 72 0 61 95 100 82 14 22 31 87 63 69 59 4 76 17 81 11 50 71 76 55 12 94 66 95 48 32 96 98 93 16 6 20 35 11 7 67 80 68 71 75 4 39 
84 54 79 37 2 52 15 83 98 54 53 66 79 34 27 76 46 45 100 66 68 62 99 99 66 2 46 57 17 80 3 1 33 32 75 81 8 39 47 63 48 65 0 74 70 26 79 65 3 30 70 29 24 19 72 21 100 28 46 45 72 69 80 30 81 96 82 39 42 44 74 32 23 24 46 7 39 79 88 34 25 31 56 24 30 25 88 5 39 75 78 10 94 10 78 77 34 98 19 30 
17 56 67 16 53 72 69 68 9 97 82 22 86 29 6 38 89 29 11 85 92 31 95 76 36 73 14 97 81 54 18 3 91 10 31 31 71 44 13 63 51 65 63 60 78 70 44 50 21 26 40 60 41 45 93 16 37 4 67 35 64 99 32 62 43 46 85 66 91 75 19 88 59 12 93 4 44 80 25 42 69 68 66 76 61 33 78 58 65 10 77 82 0 72 72 61 99 42 29 82 
61 6 25 27 88 77 84 79 7 17 38 69 19 30 10 1 1 14 75 81 42 17 31 61 32 52 43 18 65 29 10 16 6 93 55 2 38 52 5 50 23 25 44 5 50 22 16 77 70 85 18 22 78 81 0 64 37 15 90 31 56 84 43 70 20 75 22 86 44 64 70 60 30 23 17 55 89 42 10 27 71 59 9 22 2 33 70 32 27 71 89 98 60 8 53 76 83 0 49 47 
28 88 3 54 39 89 73 78 82 51 31 75 84 70 61 14 52 41 36 59 98 83 29 99 49 39 49 64 2 27 73 85 41 53 90 29 81 93 82 55 33 28 49 79 29 4 37 43 23 79 6 6 70 100 20 5 87 94 94 88 90 72 70 19 21 21 68 94 62 46 47 76 11 7 34 24 50 91 58 37 75 1 51 58 87 21 23 56 65 17 1 23 46 65 3 18 0 27 77 14 
24 49 34 36 15 2 65 88 97 36 58 9 43 41 2 4 8 45 35 51 84 41 21 8 6 60 77 93 67 76 99 46 59 30 79 47 38 85 87 56 89 11 14 99 49 68 96 56 74 90 0 85 17 34 24 17 70 62 14 59 37 95 47 28 56 51 1 51 31 37 30 44 16 91 87 46 97 12 61 57 42 47 13 78 81 2 92 11 92 11 75 44 78 90 26 23 99 91 84 9 
32 22 72 83 75 1 94 84 95 66 2 31 37 83 67 21 78 27 39 8 5 48 32 26 92 87 15 99 14 77 69 42 9 96 29 14 60 86 26 74 63 72 39 83 26 8 63 61 50 40 71 39 79 95 69 46 33 63 21 22 47 12 30 17 6 18 64 5 100 45 35 73 19 78 52 44 27 90 11 23 5 46 30 96 63 32 24 86 49 25 22 76 26 89 61 35 27 70 36 77 
16 59 8 25 63 42 63 38 67 82 59 72 68 9 12 73 75 65 20 96 55 68 53 98 66 98 73 59 45 89 58 91 44 31 96 59 34 68 90 18 88 40 44 46 88 32 65 26 51 29 99 45 35 16 68 2 58 81 90 65 48 74 28 95 18 90 19 20 67 25 25 75 68 36 38 38 30 21 47 64 67 1 12 83 43 65 43 62 61 81 92 56 26 14 77 40 34 71 97 21 
66 22 67 60 85 4 94 81 19 51 89 34 40 73 72 65 33 86 83 98 62 63 71 18 9 7 65 90 49 38 44 1 44 22 52 63 22 11 75 64 3 7 72 80 78 49 17 38 29 91 28 0 0 3 6 96 91 49 0 32 69 16 53 2 53 50 21 11 27 14 99 76 95 41 45 80 62 13 67 5 72 33 17 43 29 58 66 68 89 17 68 99 34 68 62 20 35 37 55 52 
89 29 32 23 93 99 97 31 35 53 91 9 44 68 60 94 12 100 91 84 29 98 19 62 97 73 12 72 88 31 85 51 95 94 46 52 37 73 95 22 39 59 57 16 20 53 59 92 86 44 40 81 75 70 83 52 10 54 11 24 50 21 7 60 55 18 72 91 89 17 3 16 93 22 49 86 11 94 42 5 46 2 41 90 84 80 55 96 7 10 46 66 64 46 79 31 24 95 82 42 
84 76 73 16 35 83 50 74 50 19 17 73 85 90 17 26 72 24 8 27 7 66 22 75 15 90 45 90 73 74 5 36 62 96 8 36 94 61 6 30 2 86 23 22 48 24 77 25 85 3 38 2 21 18 57 0 30 16 70 92 47 62 17 0 20 92 52 34 92 60 68 88 70 16 38 31 89 0 80 11 32 93 26 90 2 45 67 84 99 94 17 71 67 48 43 87 9 33 64 15 
62 21 46 88 99 35 32 83 3 51 36 78 4 61 9 95 76 56 68 72 89 52 76 14 56 7 13 42 20 18 65 14 80 83 13 46 44 86 100 33 61 40 7 36 47 78 0 73 38 85 21 75 73 30 44 88 43 88 69 88 50 47 53 64 53 38 49 12 98 56 16 100 5 3 33 42 85 72 21 63 59 84 53 96 19 2 73 41 78 11 29 40 38 62 92 27 88 6 9 54 
10 92 62 33 34 59 0 17 66 72 5 84 17 51 98 36 35 74 58 34 15 58 44 52 67 54 33 33 51 19 89 11 9 0 82 74 45 78 0 93 21 75 0 18 52 72 4 34 63 88 73 73 94 49 50 74 60 30 52 12 38 72 49 37 19 66 27 87 50 17 78 87 71 32 54 16 68 20 15 94 9 72 31 86 51 92 67 93 83 43 87 24 76 6 67 1 71 83 69 76 
16 78 21 92 1 61 23 48 46 100 26 13 35 88 73 75 98 6 54 96 85 70 99 33 75 56 14 9 96 5 52 84 97 56 74 19 15 16 31 26 91 10 52 89 39 51 60 88 5 96 41 17 61 4 51 20 24 24 31 23 76 54 96 86 46 6 45 32 91 56 12 56 43 69 64 12 100 73 53 35 86 11 59 63 26 30 15 23 43 32 69 7 81 61 92 12 72 90 23 82 
31 50 37 32 67 93 11 91 36 58 94 76 9 17 88 36 51 67 50 100 99 29 2 38 11 82 7 50 96 92 46 20 67 33 53 95 84 64 18 54 14 50 55 26 21 73 3 88 32 11 80 56 42 0 72 84 37 67 67 33 15 47 60 48 1 6 4 79 16 59 57 39 36 51 81 68 46 4 66 91 28 42 86 96 0 1 17 5 42 89 40 52 34 73 88 56 73 79 61 50 
15 94 81 7 26 21 4 55 43 27 36 80 8 91 52 68 78 46 53 65 44 8 27 57 89 45 32 75 17 85 93 91 90 40 51 62 29 15 50 64 40 33 50 16 11 47 82 10 41 53 61 96 83 45 53 41 82 95 67 79 59 47 53 69 29 91 81 57 10 95 36 43 96 0 53 22 19 90 79 59 51 73 24 31 31 74 65 67 31 44 71 95 51 21 72 70 14 33 39 55 
78 64 90 57 10 69 59 70 91 90 71 25 62 31 100 21 54 30 80 45 86 93 53 89 69 69 42 84 47 86 14 50 58 28 86 87 13 28 94 90 38 89 62 4 23 73 33 3 14 2 32 97 36 29 83 69 50 82 64 30 35 15 97 98 30 45 83 32 18 80 45 37 25 11 55 14 33 56 20 79 31 55 6 99 12 69 19 34 47 3 83 10 46 44 5 37 92 68 62 18 
71 50 30 0 95 31 90 85 88 92 14 63 6 15 53 88 28 56 53 35 15 70 60 69 40 49 3 83 31 34 15 23 75 91 92 64 80 53 73 12 53 41 89 23 64 78 24 94 88 33 31 51 39 13 50 85 83 64 88 61 31 16 85 69 32 46 86 31 76 94 94 86 89 89 44 21 52 57 62 93 41 26 90 62 49 37 73 29 10 43 90 68 85 11 48 97 27 32 52 25 
85 90 84 29 27 45 13 79 53 98 30 0 17 99 5 95 67 15 63 33 32 45 42 27 1 17 35 76 51 86 3 69 64 22 90 14 24 98 89 59 22 80 51 72 11 19 43 56 15 45 93 0 56 77 78 16 82 41 33 5 90 9 77 97 99 48 40 75 33 13 92 84 8 52 35 69 34 35 91 20 46 85 13 42 31 51 91 90 67 77 77 14 1 41 8 38 75 91 0 26 
26 33 48 25 36 77 29 59 35 73 9 86 53 97 7 85 63 60 14 71 33 57 23 24 24 20 18 89 3 68 92 36 67 17 13 20 90 49 24 30 6 80 74 82 34 50 61 93 67 9 90 3 90 95 70 78 19 8 60 70 43 92 34 51 49 0 54 67 34 50 94 38 44 56 4 19 91 52 68 71 26 69 86 50 63 41 10 34 77 25 3 57 20 94 14 4 57 29 74 52 
92 35 76 49 75 56 50 65 2 62 98 98 52 26 27 53 50 45 36 92 57 47 51 44 63 33 26 55 90 75 42 60 84 92 42 3 6 89 77 7 39 67 5 13 2 83 25 66 64 9 89 90 63 89 96 93 98 66 44 29 77 89 80 52 55 53 74 55 88 19 14 78 66 90 22 36 90 79 58 61 63 96 97 2 5 88 38 17 81 4 12 54 41 97 23 100 76 99 37 19 
30 72 21 31 77 89 19 95 30 58 1 36 49 68 25 68 34 46 22 49 45 68 23 95 97 74 27 32 60 13 34 18 12 24 79 54 88 64 93 65 32 62 22 88 22 20 87 9 75 70 95 59 75 63 60 59 39 98 74 37 4 32 11 35 26 44 74 20 73 37 45 97 22 8 40 77 14 81 80 15 11 83 23 79 47 26 1 52 59 95 74 81 11 14 60 30 77 26 83 95 
18 100 91 33 15 11 21 1 91 77 94 89 4 34 62 59 31 20 0 83 99 32 7 70 85 7 26 13 66 78 54 72 91 27 98 68 83 91 61 75 52 90 51 31 11 89 41 24 100 45 32 58 56 100 36 28 55 79 87 65 78 16 36 42 53 55 56 71 86 87 21 53 10 3 74 88 40 40 51 27 36 10 54 73 76 35 5 4 16 13 48 77 42 2 37 72 14 75 81 37 
90 44 44 79 100 0 37 1 70 4 26 91 58 0 9 90 45 20 92 11 21 7 57 99 9 24 99 61 45 75 57 45 7 46 77 86 68 69 90 11 18 79 4 92 100 2 67 4 5 13 67 88 55 5 10 26 82 85 41 68 7 44 7 42 96 22 23 7 95 76 41 12 98 41 97 55 35 87 67 2 15 93 18 68 100 99 77 88 14 36 80 81 91 95 27 44 97 44 63 16 
9 29 83 24 74 100 85 5 3 9 48 26 39 39 100 25 30 84 8 37 3 61 88 14 23 55 29 96 75 93 74 96 85 20 41 49 4 24 9 60 78 55 44 1 53 68 34 23 24 34 20 70 58 1 1 22 45 70 50 80 78 32 78 26 93 13 26 95 32 35 8 40 37 91 100 8 43 76 56 57 100 48 77 68 47 90 15 56 60 91 17 27 80 58 10 55 20 67 92 71 
12 4 60 95 36 89 72 79 10 64 21 6 47 5 74 79 14 17 66 60 38 74 76 76 54 45 89 71 82 42 88 8 45 14 64 37 33 79 25 92 1 1 33 72 32 92 18 24 3 96 37 21 21 73 60 76 87 62 85 79 93 77 65 79 93 62 63 38 79 64 90 19 61 59 92 80 44 80 38 28 47 48 6 45 24 46 89 68 83 59 72 97 25 32 97 49 39 11 86 95 
52 11 66 13 75 93 57 27 66 29 56 29 36 98 100 66 11 88 71 34 20 56 88 39 68 83 17 68 47 73 47 67 4 38 35 55 13 18 14 72 38 13 29 90 14 0 74 6 82 68 35 33 34 96 46 2 77 83 7 26 63 91 87 60 1 97 9 99 50 70 7 73 23 69 93 79 3 5 65 22 72 2 89 37 98 3 13 20 66 82 46 78 41 99 14 24 22 70 81 83 
43 3 18 65 68 77 19 85 34 26 48 46 66 0 67 76 98 1 9 40 78 5 51 69 26 76 19 68 3 69 0 24 25 68 11 6 98 89 51 78 74 94 31 92 63 94 54 86 8 74 64 59 56 66 21 37 4 7 31 66 7 23 28 86 85 50 35 86 49 88 46 68 72 54 11 4 62 98 98 54 39 59 57 32 34 75 100 72 30 22 13 72 81 20 4 62 56 24 39 92 
21 97 54 33 91 74 66 33 95 0 73 65 75 40 81 91 22 71 15 25 13 57 88 80 95 4 29 65 86 32 28 85 51 75 70 1 43 54 10 88 89 100 64 47 68 46 23 95 56 90 37 40 91 17 78 43 45 25 62 65 27 84 40 11 26 13 35 2 57 61 64 63 80 54 16 13 8 84 28 20 96 62 5 87 46 59 5 56 30 26 42 79 14 50 10 53 18 69 55 24 
17 63 91 22 95 57 91 8 90 32 34 10 39 97 95 92 54 30 69 12 97 89 83 64 5 77 7 2 40 6 0 14 60 32 24 66 37 67 85 11 70 88 66 4 27 83 53 35 1 65 77 19 13 45 76 66 4 90 66 7 93 25 19 20 59 17 20 95 87 63 43 32 16 78 54 28 16 34 39 48 97 46 74 13 58 16 26 14 28 43 49 99 62 14 49 97 76 8 61 36 
54 64 100 29 69 52 80 35 80 15 90 78 76 54 69 43 27 55 37 76 22 68 48 62 84 3 60 51 60 81 96 54 59 40 95 50 18 9 32 21 80 70 48 7 50 73 77 5 84 14 41 11 69 14 33 56 50 78 32 80 27 19 76 56 1 81 47 36 55 74 14 71 5 20 78 46 68 39 69 39 70 65 6 43 75 81 15 46 99 48 83 34 0 94 66 62 83 66 16 2 
80 47 6 53 78 50 86 45 23 63 86 26 35 53 98 82 3 98 79 85 1 13 68 44 47 35 89 3 4 58 58 23 41 30 40 56 0 74 19 99 99 98 33 78 60 41 96 75 37 26 57 6 21 5 64 87 89 68 42 31 21 81 25 38 82 89 21 73 52 20 54 58 3 21 9 1 54 5 45 33 63 17 46 42 25 71 86 11 50 50 37 71 6 70 43 52 9 12 39 34 
13 74 56 13 24 85 70 10 43 39 59 31 22 80 52 74 39 50 56 84 24 62 82 6 80 21 89 0 25 66 8 17 48 38 71 19 55 38 39 92 92 100 0 56 83 72 53 7 100 62 39 0 14 47 73 18 56 78 22 76 72 50 51 93 45 43 67 29 6 53 68 73 17 39 45 3 13 49 13 9 94 6 68 21 2 99 24 32 18 79 50 3 72 32 81 39 55 17 9 39 
48 97 46 63 62 30 34 63 10 51 59 82 11 63 76 32 42 71 82 50 48 17 47 12 86 77 44 11 97 56 83 79 15 8 97 21 50 12 95 9 27 22 89 20 6 63 72 61 18 93 26 83 79 9 10 42 48 5 17 8 72 51 12 67 92 8 55 64 99 20 1 73 36 60 53 47 44 10 24 62 51 4 44 61 98 3 2 35 22 93 46 11 6 67 67 60 16 11 96 13 
1 31 45 36 75 26 25 82 61 19 100 36 97 70 66 34 30 90 89 53 20 39 51 3 68 98 20 14 68 66 62 30 33 79 9 83 99 2 81 28 80 69 54 6 34 13 22 65 58 88 37 93 74 59 38 10 97 25 79 2 13 14 0 64 79 19 61 50 7 64 89 31 32 47 17 79 100 11 73 38 97 7 4 28 73 83 37 64 77 96 25 22 99 57 61 13 64 80 28 91 
9 81 8 36 34 11 93 39 62 34 94 36 65 96 44 25 61 54 94 96 20 52 90 25 41 38 59 94 44 47 47 91 13 34 18 55 73 66 15 37 71 74 49 23 49 26 8 7 58 92 34 70 41 99 74 50 31 29 100 100 98 67 94 32 33 10 90 70 94 85 41 15 45 25 82 68 13 38 53 96 42 16 56 54 17 64 35 63 8 17 22 60 0 36 40 94 27 13 59 15 
65 95 57 15 28 13 16 85 2 73 62 87 68 42 22 55 95 73 10 19 62 73 30 98 59 8 21 3 31 75 9 61 62 55 15 60 69 72 34 31 87 62 92 3 5 55 39 90 99 7 22 93 60 27 12 72 4 85 36 76 63 23 62 3 91 41 19 96 6 31 82 46 63 19 62 21 47 56 66 4 52 72 36 96 80 8 1 7 96 92 16 41 36 93 11 60 73 18 95 59 
79 71 94 82 61 4 8 12 17 44 91 66 50 31 81 85 34 31 67 42 66 84 95 15 0 51 22 70 45 42 0 33 13 99 55 5 52 45 45 87 72 53 2 0 93 28 93 64 94 45 12 95 74 97 92 46 70 26 14 86 80 51 79 48 50 11 26 68 47 7 72 37 19 17 30 68 48 3 68 65 86 43 75 27 98 79 40 99 21 14 86 65 55 23 33 84 77 34 80 31 
4 38 43 67 90 54 61 24 24 99 10 13 51 34 14 29 56 16 45 58 63 9 63 43 89 12 65 41 69 73 7 45 61 18 50 81 100 72 53 51 65 15 88 81 31 1 7 30 8 2 43 83 20 81 71 57 73 83 24 4 56 71 47 88 47 69 93 56 40 12 37 10 28 51 29 64 29 21 7 27 99 72 8 40 84 60 21 64 31 52 42 84 83 75 87 1 48 66 70 51 
18 81 17 76 38 55 7 44 15 19 79 41 78 79 59 51 29 36 13 72 11 75 0 98 63 66 40 69 2 80 68 37 6 88 3 24 74 41 57 87 86 19 77 76 1 85 6 64 83 22 93 25 4 21 71 74 37 21 6 29 41 88 78 37 56 64 93 8 53 72 56 81 13 56 94 83 30 44 81 79 84 24 99 80 93 92 97 45 54 33 91 74 90 45 39 28 20 87 67 86 
91 81 32 56 26 47 68 23 77 53 92 35 64 82 67 94 87 14 98 31 76 31 45 62 48 2 9 23 37 7 81 36 16 48 31 46 3 91 5 83 22 18 36 52 99 11 29 54 18 46 79 4 98 100 26 29 71 49 48 70 17 5 8 44 61 16 65 61 93 96 94 100 60 92 28 95 62 78 62 56 21 76 75 73 99 59 11 93 41 39 60 40 1 2 73 0 11 66 68 80 
55 80 56 9 68 64 11 1 95 21 98 66 24 77 14 93 33 20 96 75 4 11 89 16 95 76 63 28 75 51 90 70 17 50 2 71 18 82 81 59 53 78 74 82 3 37 74 61 19 49 7 93 71 33 46 31 1 76 29 25 51 100 96 6 87 40 21 68 30 71 71 18 67 38 20 39 95 78 99 68 46 67 39 83 95 58 39 6 90 53 56 9 74 0 64 96 62 22 0 25 
96 30 16 27 43 62 43 29 30 81 100 59 97 4 95 74 30 77 64 17 1 50 54 94 31 29 17 3 16 26 5 95 52 92 81 29 1 71 54 16 64 4 24 58 70 71 63 74 80 45 20 66 24 58 22 52 46 83 92 34 49 40 70 75 9 76 77 86 91 25 52 0 76 100 71 96 51 3 67 83 3 78 30 95 58 97 19 53 11 79 53 79 14 7 56 22 35 21 61 64 
24 28 36 52 73 90 89 79 3 12 0 83 15 29 41 87 97 58 81 54 75 7 47 31 11 77 33 26 85 75 53 74 6 68 70 59 86 8 11 49 79 83 25 81 87 56 65 96 28 8 82 95 95 95 40 33 34 34 44 62 9 24 25 66 9 54 89 68 86 71 47 38 87 52 9 7 7 80 7 7 95 55 50 80 0 38 57 49 79 90 19 62 32 6 29 96 67 27 21 32 
74 38 66 50 97 4 27 90 3 21 18 60 91 79 99 68 62 94 17 50 27 9 70 46 30 12 39 40 69 65 42 93 70 80 69 97 6 31 35 91 66 89 21 62 19 88 96 45 64 62 58 12 2 60 11 66 36 33 3 88 44 34 1 16 21 79 8 92 80 30 7 35 72 68 14 72 95 6 100 66 23 99 56 16 83 84 42 82 67 74 26 51 73 60 96 36 86 31 41 11 
83 56 46 15 17 56 56 17 72 8 45 88 21 8 2 22 78 77 81 35 85 28 86 93 24 54 3 41 20 44 80 67 4 20 77 34 88 95 38 29 10 79 40 41 22 96 85 11 55 73 48 8 1 10 91 26 75 81 29 46 31 87 56 51 47 17 98 27 37 91 99 13 13 18 89 61 4 6 18 70 40 67 61 98 45 66 34 78 60 85 26 25 22 92 8 37 22 54 94 81 
83 69 55 79 9 36 3 19 91 4 36 49 61 99 23 4 38 60 84 21 31 45 45 68 65 20 13 37 79 42 57 69 99 43 67 43 96 78 53 97 68 12 87 92 53 76 68 61 51 87 100 84 39 73 55 84 41 54 95 41 35 76 61 83 4 68 40 60 34 98 94 87 92 64 83 40 32 41 80 94 78 54 17 93 65 5 89 99 34 6 59 51 16 24 61 25 1 30 37 39 
20 84 8 84 33 98 62 59 24 30 24 72 44 95 8 16 24 11 39 98 84 4 58 65 59 62 86 21 24 34 85 42 85 71 67 58 63 10 5 9 8 85 73 99 25 6 48 80 85 18 53 70 56 79 84 70 5 48 40 94 48 20 62 54 77 51 100 100 50 80 58 72 51 2 38 94 22 21 44 90 30 41 15 6 54 9 1 36 88 0 11 23 63 6 16 57 55 90 92 26 
57 61 18 54 86 37 66 58 94 64 62 6 11 80 36 63 92 55 6 46 14 13 45 0 39 66 2 34 77 84 87 67 76 34 98 22 66 90 17 56 69 57 0 43 22 12 17 37 43 54 98 75 99 13 31 54 13 50 10 76 55 34 22 10 24 46 27 36 97 85 55 46 65 8 47 9 50 78 80 0 33 99 27 28 12 98 22 62 4 33 21 93 24 18 53 46 17 99 11 46 
80 68 39 74 90 99 46 28 66 8 47 73 37 10 51 55 34 16 4 26 92 64 37 71 58 47 38 37 47 81 12 44 92 20 57 61 100 74 27 6 33 19 74 95 93 71 73 46 15 77 90 65 38 43 83 97 37 78 99 78 8 63 3 89 45 60 82 78 4 44 49 71 72 8 84 54 41 21 20 95 49 16 89 45 78 40 24 3 44 74 0 23 28 6 96 21 43 42 29 57 
85 92 35 13 18 37 51 41 91 8 9 27 67 81 95 6 0 50 23 44 75 62 97 81 33 62 36 84 46 81 79 13 6 75 100 50 55 2 46 16 10 37 45 73 63 91 58 13 89 34 88 25 11 27 59 72 86 77 11 40 24 10 30 30 23 72 0 54 46 44 2 96 86 85 36 91 57 98 81 82 2 26 1 70 37 5 81 88 3 41 0 53 12 51 24 29 68 64 84 42 
46 55 89 13 81 84 48 15 16 1 44 73 2 90 92 38 5 59 27 78 53 10 80 97 43 69 98 14 72 72 57 14 58 89 56 71 92 16 63 80 33 83 100 54 4 3 61 8 89 77 53 85 98 21 81 32 18 99 91 32 47 27 20 62 22 19 70 86 30 19 82 58 37 77 24 62 11 0 19 10 38 33 78 85 79 87 56 10 69 87 24 58 75 91 68 60 37 73 16 34 
6 85 92 57 92 5 47 71 12 9 10 16 14 24 98 87 74 81 1 0 32 31 5 20 62 5 56 30 59 97 17 25 50 51 2 50 98 57 83 13 19 26 92 95 56 7 44 73 40 60 10 6 84 44 1 76 59 46 8 78 0 4 31 67 48 79 30 99 54 18 35 80 70 1 83 38 96 78 54 54 100 99 48 16 100 45 86 19 70 89 62 40 16 81 8 20 37 13 40 58 
74 65 74 93 82 41 64 56 16 20 60 88 54 67 49 84 30 46 92 90 19 13 79 63 48 64 15 8 62 66 36 63 24 80 74 39 27 87 97 0 87 8 92 20 90 25 98 90 70 31 68 78 91 69 58 59 80 89 36 25 91 20 24 38 94 53 87 4 2 37 88 67 9 3 98 89 34 18 38 12 2 72 98 50 23 6 96 6 86 42 80 38 49 91 100 53 71 7 74 41 
16 32 17 96 60 0 19 16 70 52 11 31 98 57 30 9 54 96 50 77 82 45 84 88 11 41 34 53 52 84 78 89 98 86 47 60 93 71 91 70 31 19 21 100 89 61 63 86 61 91 91 97 60 86 68 96 39 4 75 36 75 71 94 53 93 16 95 43 31 27 2 31 99 16 52 74 28 61 68 97 61 29 52 25 47 87 58 96 91 38 83 30 63 66 50 95 90 54 96 16 
37 6 31 72 42 34 61 69 19 94 17 97 93 74 79 42 69 5 74 99 69 85 25 33 84 73 94 40 20 41 19 56 92 5 77 82 91 67 100 83 43 11 56 24 35 81 17 95 73 36 27 20 86 23 76 80 42 50 65 16 10 46 6 72 60 17 68 37 14 47 87 30 58 67 46 83 19 60 61 41 6 86 30 32 63 61 23 34 45 18 5 13 90 1 63 69 89 93 4 18 
1 52 71 88 65 46 91 91 90 46 17 82 57 28 74 35 55 75 14 5 43 97 37 4 45 51 62 80 60 34 75 24 7 71 67 36 100 19 85 16 42 96 37 100 83 10 31 0 5 1 62 49 73 71 12 13 34 74 46 81 79 98 68 43 61 100 60 79 4 68 56 34 47 2 59 79 66 9 45 29 10 49 21 26 18 35 62 29 89 23 0 26 35 45 41 8 81 75 65 61 
17 2 69 85 56 22 64 9 49 46 19 49 1 98 11 51 95 66 80 81 25 6 75 79 3 44 17 78 33 46 21 83 19 41 25 54 88 96 30 59 88 59 30 48 48 91 87 12 97 81 30 67 19 1 70 78 42 93 43 83 49 84 25 29 13 82 11 100 51 54 95 34 100 36 42 30 21 84 44 7 58 16 50 24 6 57 10 62 73 95 63 72 95 44 86 46 57 93 78 53 
18 77 47 15 75 3 8 53 35 63 95 97 19 46 53 6 46 7 5 87 50 80 39 15 77 1 79 67 23 28 66 49 9 11 71 73 95 24 37 85 62 34 54 7 94 89 74 86 42 10 39 1 92 75 25 84 78 49 82 42 87 78 84 77 46 80 43 15 11 48 21 97 85 6 18 28 77 49 2 28 85 76 60 85 91 74 0 36 2 74 12 50 84 47 95 69 76 40 42 43 
18 100 36 11 49 34 20 76 83 14 81 51 96 72 35 93 48 69 49 90 83 0 56 5 75 28 56 10 44 82 6 84 65 98 97 50 27 8 11 17 77 94 70 68 95 49 75 56 50 31 83 8 88 98 87 28 90 37 89 75 21 69 12 30 55 9 91 16 21 49 94 97 39 87 98 10 34 59 66 46 83 92 5 44 18 80 16 33 11 12 4 22 1 41 49 71 73 77 76 53 
95 66 23 18 98 17 9 41 79 61 24 99 54 17 79 43 17 69 98 2 99 69 2 28 37 64 48 91 70 93 91 67 27 99 21 84 14 50 47 57 75 19 11 50 83 45 62 96 49 12 91 54 38 47 31 78 25 31 49 75 14 12 61 84 21 66 15 77 40 86 57 97 48 98 33 34 23 1 63 39 48 100 62 25 1 62 10 68 49 97 31 53 84 57 18 39 56 58 62 83 
17 67 54 64 55 94 61 73 85 26 63 86 57 0 58 73 90 23 76 85 71 47 76 88 5 100 78 95 24 0 51 20 4 34 13 21 17 53 9 55 46 13 85 96 88 48 48 59 85 27 47 71 93 20 89 78 4 61 97 92 53 93 13 32 93 35 84 84 89 57 96 2 78 56 15 90 61 32 92 4 30 96 36 14 68 36 95 98 98 44 46 73 22 89 25 61 52 26 57 10 
49 72 15 98 90 45 27 82 40 77 43 11 66 63 92 74 63 33 98 26 71 20 30 42 96 47 58 2 87 33 17 54 56 100 79 65 89 5 62 15 36 46 30 14 96 0 39 7 13 72 26 44 7 55 41 65 51 32 80 85 2 46 15 97 60 70 16 6 88 1 68 72 68 71 21 24 88 81 93 35 56 84 63 40 29 20 65 5 62 2 16 12 63 43 1 96 65 81 81 13 
32 63 68 28 83 6 95 76 26 21 57 85 25 81 20 40 96 61 83 30 15 30 11 82 75 68 69 21 16 75 18 27 12 84 0 6 99 86 84 59 86 54 51 5 93 97 88 51 84 35 15 52 91 60 57 57 83 46 64 37 45 66 88 69 60 98 42 44 41 87 16 36 51 45 8 91 4 25 39 96 59 51 70 44 58 67 23 53 54 34 78 36 96 91 16 39 61 13 45 32 
89 90 27 27 54 22 94 4 75 14 69 58 93 59 42 79 37 45 7 55 41 3 46 42 50 48 79 31 99 27 72 2 87 59 44 20 91 51 37 11 9 50 76 36 13 18 56 49 44 64 75 92 33 11 49 61 28 59 56 85 13 29 38 11 76 61 62 85 92 93 42 39 12 11 74 2 100 38 96 57 2 65 76 50 19 55 36 98 22 48 24 40 80 45 61 7 87 53 10 71 
60 92 79 59 93 79 4 25 8 79 21 25 86 20 54 47 1 4 67 38 85 70 19 26 3 11 59 97 33 89 58 67 31 56 98 13 13 45 21 85 66 43 39 95 5 99 74 4 8 11 96 82 85 59 66 64 19 0 24 53 54 0 94 13 43 26 5 79 16 19 31 60 29 41 46 13 74 80 92 11 46 26 64 53 72 36 83 42 6 61 0 91 97 54 7 77 10 50 92 65 
43 89 38 37 9 82 39 23 51 51 58 11 13 42 28 89 86 85 76 30 64 33 15 16 32 33 14 1 67 9 88 39 80 94 85 18 58 21 92 81 97 36 80 95 90 77 35 32 53 75 49 8 30 65 96 72 24 80 8 67 95 17 13 8 12 93 26 50 18 2 38 38 90 49 42 47 51 77 87 8 90 73 55 34 27 7 64 44 87 21 29 30 3 85 39 12 2 100 56 43 
86 84 2 37 23 89 12 86 93 32 93 41 43 72 94 34 28 48 68 31 89 72 52 33 73 28 73 64 15 74 90 9 3 86 81 55 41 27 90 33 97 66 18 84 38 66 100 19 39 73 100 73 30 69 36 46 54 39 58 18 75 43 69 73 71 9 74 72 89 30 85 10 93 87 13 44 30 19 48 69 30 75 84 54 77 20 1 94 9 65 61 2 33 0 71 84 97 98 100 96 
48 18 86 20 79 22 33 52 69 98 53 29 61 83 92 83 74 95 35 24 43 39 78 27 67 52 1 10 92 33 67 65 55 11 33 24 63 33 26 21 77 14 22 100 17 3 54 50 92 0 18 12 76 16 10 27 100 44 99 5 56 91 55 48 57 65 76 42 28 88 4 49 86 55 15 66 55 30 99 74 98 13 86 86 83 62 64 12 18 2 38 3 28 70 72 58 100 20 6 57 
60 12 74 89 26 19 6 97 95 25 50 44 36 49 48 62 53 66 49 49 99 35 93 29 16 94 17 91 20 24 63 100 22 85 42 32 62 44 34 40 11 63 43 84 87 88 76 3 36 12 2 23 61 40 18 9 87 42 37 86 13 43 53 63 96 5 41 29 73 80 89 31 6 8 26 86 23 61 0 4 11 38 53 2 36 22 91 42 61 32 0 2 41 73 20 31 14 50 98 5 
90 42 81 42 52 53 51 90 98 46 48 79 88 1 77 65 39 79 86 12 92 77 29 58 53 80 34 93 37 50 35 51 64 38 6 61 14 21 49 86 81 75 90 57 25 76 35 45 48 4 56 16 31 25 20 49 29 58 82 96 50 79 20 29 17 71 93 86 93 71 42 89 19 27 75 73 72 60 8 76 58 32 99 65 22 73 31 84 54 49 38 13 56 37 49 49 55 80 98 46 
65 84 48 48 67 43 23 62 94 7 24 88 76 33 10 16 97 38 23 6 32 86 2 7 91 79 17 14 80 12 74 17 100 67 54 19 17 86 93 30 63 63 17 60 45 53 69 1 37 89 43 99 42 23 94 63 21 49 23 91 61 84 96 0 38 2 46 23 36 1 5 63 92 54 39 89 45 88 12 51 87 56 38 69 83 48 16 44 52 11 43 2 100 11 24 7 63 32 90 22 
72 33 72 12 18 85 84 9 38 58 74 96 27 37 26 24 97 12 99 6 73 20 21 53 58 39 53 82 1 50 3 21 19 0 2 27 4 100 32 68 62 17 9 2 8 81 21 75 33 50 59 82 94 44 47 93 88 49 92 13 6 96 99 8 5 40 7 37 41 77 42 42 32 55 21 66 15 9 49 12 77 56 6 65 36 100 23 7 14 70 8 35 30 1 29 72 77 44 20 84 
16 100 84 87 81 38 11 47 2 67 16 39 47 91 26 54 89 36 45 87 50 81 25 99 84 39 5 73 10 36 54 69 25 67 69 95 15 67 35 83 41 62 91 43 5 69 98 34 16 95 31 55 89 61 84 60 23 29 100 88 32 35 2 28 56 16 36 39 81 1 15 60 84 69 5 31 91 34 53 20 64 29 75 72 82 39 84 77 48 6 98 1 77 20 89 81 64 11 70 100 
82 68 24 17 60 58 13 77 51 43 0 65 62 27 1 47 48 70 20 45 14 49 29 43 79 35 4 66 50 53 74 90 35 76 75 4 81 18 67 27 90 0 4 93 38 95 39 92 89 100 19 20 14 64 16 32 94 79 20 36 71 53 67 76 61 75 70 60 0 96 37 77 27 68 20 55 40 28 100 87 100 29 35 41 52 35 68 83 52 62 70 40 57 54 9 73 82 6 59 73 
63 53 86 16 26 32 55 88 41 43 40 57 87 68 14 39 42 56 90 99 83 4 75 36 98 52 32 90 56 30 74 88 42 84 92 65 49 35 70 72 30 81 17 19 19 91 48 40 47 4 77 92 17 2 42 79 3 65 51 88 92 73 17 30 84 20 67 80 98 90 97 93 64 19 72 50 62 43 95 80 96 11 46 5 42 33 63 61 4 94 29 39 77 99 13 63 71 100 10 33 
71 59 99 75 42 10 14 20 86 100 2 7 1 32 81 84 38 85 12 51 43 64 70 88 50 72 79 51 96 60 36 81 60 20 87 22 92 43 36 32 5 0 75 79 69 6 73 71 6 50 68 87 90 8 24 31 71 42 98 76 16 89 3 59 70 28 26 44 78 25 68 88 60 3 56 95 37 94 96 95 94 29 28 16 30 62 91 30 97 86 13 93 0 24 30 98 36 100 95 61 
