100 100
66 17 46 1 87 93 23 50 37 85 26 89 53 99 31 80 52 54 4 40 7 44 63 89 41 57 52 65 39 74 100 10 17 37 34 49 26 7 100 73 26 42 20 98 37 83 55 42 86 85 37 39 46 51 59 48 81 71 63 98 72 10 5 51 56 56 95 77 46 63 43 66 43 61 18 12 50 84 6 40 14 65 99 45 99 97 81 17 58 49 99 22 54 22 31 83 50 68 32 89 
64 72 37 14 92 11 31 10 11 94 39 33 100 11 82 58 77 34 4 72 22 3 25 70 49 90 92 28 63 0 9 17 68 93 24 34 1 13 96 14 81 14 45 48 57 85 34 28 47 48 35 65 88 2 21 73 93 16 71 66 19 9 2 78 28 82 87 18 37 68 57 79 14 25 39 60 46 63 54 28 82 4 10 13 42 47 31 55 37 49 78 27 82 71 50 64 100 11 4 67 
92 77 35 40 87 76 34 96 11 80 75 48 39 40 20 51 3 93 76 74 21 87 50 17 32 10 16 21 24 33 72 0 88 49 48 31 72 78 45 42 94 78 55 42 11 72 57 10 63 99 51 15 3 64 43 98 16 67 31 60 21 18 70 6 8 96 36 9 0 99 32 89 22 35 53 71 96 40 72 30 59 15 2 6 39 60 15 18 9 59 40 24 14 40 7 86 87 65 94 59 
38 73 77 35 86 5 63 18 45 65 14 39 33 63 40 51 66 53 4 25 0 62 80 10 15 3 57 91 50 62 97 93 81 34 73 10 42 36 30 47 20 53 30 9 92 56 82 55 21 23 84 83 82 12 41 77 70 91 0 88 96 95 91 53 3 33 74 43 100 34 37 65 34 60 8 90 54 80 99 48 40 50 33 40 18 66 69 23 24 27 18 37 94 26 47 62 74 87 82 4 
34 78 96 45 83 2 56 95 37 71 76 11 4 73 62 100 92 87 27 80 21 81 71 25 59 54 54 18 44 4 38 65 91 53 13 29 54 68 21 59 77 12 15 61 63 40 46 89 6 81 11 79 63 60 54 14 7 1 99 0 43 17 62 30 94 69 66 16 73 72 83 32 18 82 2 86 16 84 11 40 64 50 65 1 13 28 12 40 14 100 34 81 16 74 82 84 37 5 15 57 
28 88 24 100 46 92 18 0 78 90 1 36 85 20 14 57 64 44 52 99 29 41 38 100 73 30 32 56 89 15 20 45 87 87 53 40 51 59 48 55 27 16 100 94 44 33 86 19 31 75 46 0 5 36 28 94 33 34 94 16 51 39 13 52 41 7 81 70 92 1 41 84 40 97 1 94 67 73 37 57 29 30 76 4 20 75 2 36 20 29 30 83 0 41 70 21 27 87 30 63 
59 92 82 80 26 37 94 42 1 87 58 69 48 86 24 56 91 71 72 59 27 42 84 85 39 77 42 20 83 80 29 13 86 14 68 69 81 89 39 86 52 46 34 87 79 62 90 12 52 89 68 47 13 53 87 33 27 72 21 8 99 6 28 90 35 65 70 62 29 5 87 88 1 99 56 14 75 62 66 36 60 29 47 58 20 81 5 0 3 71 72 12 12 18 24 47 97 61 27 31 
26 98 36 70 0 50 15 43 83 78 4 1 69 44 29 5 50 3 6 26 51 39 53 97 39 9 45 44 12 32 39 36 94 19 93 13 68 74 79 17 68 14 49 98 84 40 99 9 60 91 54 19 30 79 17 23 12 30 89 33 62 54 10 41 85 63 45 62 4 48 62 20 95 9 86 64 72 89 93 8 98 83 2 56 69 91 50 27 44 88 68 47 93 59 68 15 78 61 86 36 
52 21 41 29 80 80 26 58 21 5 70 9 80 31 11 11 55 88 1 80 55 19 64 97 39 1 66 94 86 6 11 49 57 61 88 38 55 52 65 30 89 63 55 11 58 27 57 83 8 20 66 64 98 97 96 90 43 26 48 70 5 92 39 22 38 2 89 41 27 50 88 50 35 17 31 22 99 19 1 59 89 32 94 99 34 99 54 81 50 84 10 29 18 6 66 9 6 91 63 43 
42 57 58 90 78 82 11 33 62 19 94 9 3 3 11 16 81 78 2 87 84 69 29 54 49 22 34 72 5 62 8 3 23 24 61 29 31 62 16 6 61 83 82 26 47 56 48 72 73 89 71 40 82 20 68 2 48 38 81 54 94 21 95 34 38 9 14 95 86 31 80 80 68 44 56 7 96 1 56 1 0 61 9 70 84 32 12 16 31 34 100 36 59 80 83 13 68 58 71 43 
39 28 22 53 46 50 10 57 3 73 78 47 74 0 87 45 43 83 98 33 16 22 23 9 41 94 28 52 91 95 63 45 38 76 2 40 77 73 48 62 44 21 16 1 34 70 37 74 45 24 94 71 80 74 70 95 70 6 61 13 80 25 88 30 39 35 5 22 21 67 62 7 65 34 2 6 7 90 62 86 25 73 91 12 40 9 69 51 34 46 13 91 19 60 94 28 74 84 69 82 
48 16 88 83 48 87 33 27 66 82 40 10 2 96 86 58 43 36 25 11 78 17 14 17 38 92 99 22 97 27 15 93 48 40 78 96 4 96 92 94 72 82 36 75 77 28 47 31 68 31 77 12 96 58 79 41 88 43 34 50 58 44 10 29 36 55 64 25 72 41 17 26 77 19 70 40 67 49 38 35 64 52 54 3 74 50 23 50 98 86 41 17 88 61 88 75 27 75 80 46 
95 43 85 65 9 82 43 10 96 47 98 46 44 40 11 9 62 82 37 43 96 70 51 82 69 39 31 79 86 38 94 44 53 73 58 87 91 54 37 92 46 87 9 19 2 54 91 4 28 56 44 8 28 16 46 81 30 20 80 39 47 98 75 68 19 38 6 85 30 87 15 92 38 19 32 22 50 76 34 21 40 25 34 91 71 100 95 65 90 85 68 23 40 17 53 75 88 87 82 87 
47 87 64 28 75 6 14 55 29 17 16 84 37 73 85 71 88 5 15 89 29 73 41 68 92 62 34 49 27 63 6 81 86 26 70 61 71 48 78 49 36 44 51 39 48 59 57 37 62 88 42 25 0 61 48 56 16 78 79 62 4 92 18 5 68 84 79 29 64 18 61 5 85 44 47 81 30 32 36 36 2 20 75 99 49 12 89 5 5 50 93 88 67 80 21 29 40 51 73 53 
33 75 53 73 78 78 72 94 90 17 12 27 0 19 46 37 44 44 59 88 16 49 73 8 30 57 79 39 54 72 92 61 13 82 63 82 13 1 21 11 72 29 52 38 30 46 75 17 51 19 85 3 79 28 68 19 38 46 18 5 87 66 32 13 80 23 59 29 70 5 60 50 57 36 29 78 64 100 84 57 42 86 12 83 59 79 13 96 40 43 16 39 1 93 77 94 25 88 96 20 
22 98 37 13 37 74 75 32 46 84 64 65 77 0 49 28 92 66 12 48 60 40 55 45 68 80 45 56 31 27 88 77 60 43 66 87 57 70 20 59 0 84 44 10 14 25 21 88 49 37 5 68 58 48 88 81 38 4 9 55 98 92 33 99 88 9 32 85 29 92 31 33 96 39 53 47 19 32 14 81 78 66 5 18 25 38 88 82 44 52 50 75 22 47 8 70 65 19 37 12 
74 34 98 20 1 15 11 54 30 82 2 32 25 42 16 0 19 57 60 41 24 91 23 33 81 24 52 95 91 88 32 14 47 44 1 86 25 3 75 83 69 23 91 83 68 43 64 46 21 57 47 93 9 71 6 62 5 50 93 71 27 99 16 39 72 32 94 68 15 18 48 89 76 18 11 29 54 28 93 3 3 82 9 39 97 28 71 94 45 64 85 19 18 8 5 48 14 85 55 60 
64 7 26 0 88 100 38 0 100 98 84 31 1 86 9 41 92 45 68 77 63 90 31 70 99 36 0 99 61 56 47 42 57 86 31 80 3 59 5 69 74 17 6 56 61 32 16 94 48 57 92 74 37 6 33 83 87 86 26 7 53 78 38 88 61 100 82 55 37 69 18 54 58 19 83 56 40 70 79 85 67 43 7 71 64 66 71 20 36 92 37 41 87 70 22 62 74 73 25 73 
77 37 26 19 95 48 41 52 69 41 65 42 95 11 97 27 77 33 91 73 27 3 78 35 99 19 64 84 1 42 89 35 89 97 13 63 39 47 39 24 8 53 90 33 58 72 56 1 54 34 38 11 84 19 20 29 32 62 48 43 57 62 89 34 70 71 80 6 32 61 72 62 50 5 14 14 73 42 41 54 31 78 94 39 15 61 85 25 84 62 31 23 7 18 65 20 94 12 83 81 
13 15 47 78 92 43 31 39 20 8 25 57 27 4 63 12 83 79 71 87 82 5 65 49 2 34 4 49 62 24 13 11 85 52 77 28 5 2 58 16 70 33 98 100 13 24 37 94 80 19 25 2 50 22 38 98 19 39 36 18 67 57 93 60 64 21 40 64 61 11 25 78 1 30 28 75 79 68 51 35 68 88 46 28 8 49 39 98 43 95 74 21 0 0 14 96 14 26 59 10 
76 40 88 19 62 48 40 13 91 37 38 47 50 5 83 82 41 28 15 60 33 99 89 49 2 22 53 27 40 30 2 94 51 18 48 93 11 57 28 16 77 77 61 43 47 30 35 86 46 51 21 56 8 1 4 1 11 58 56 72 51 89 80 54 86 89 78 24 54 51 72 81 39 15 48 99 58 31 77 28 20 33 34 31 39 85 44 55 61 88 36 5 59 52 19 75 27 70 16 81 
80 100 70 80 86 1 20 48 9 10 61 22 85 4 90 100 100 89 6 4 38 36 95 35 30 87 38 57 52 25 65 2 29 14 62 71 61 49 25 76 96 78 4 4 27 26 30 92 7 62 22 31 79 52 85 92 75 38 39 86 59 62 11 3 36 76 74 55 29 97 14 58 43 90 54 53 8 48 7 97 75 84 58 22 49 94 20 38 45 80 36 80 3 30 35 21 49 82 31 46 
99 57 48 89 7 100 29 64 83 74 88 97 85 62 38 68 23 10 46 46 65 17 25 71 50 83 45 81 68 13 56 54 69 18 85 75 20 93 64 49 76 92 41 73 74 84 57 91 1 20 56 94 42 60 16 73 51 4 84 94 17 68 99 3 56 96 25 13 81 58 16 34 57 62 99 73 31 26 66 65 71 65 45 3 98 60 96 80 97 5 22 100 3 51 72 54 55 61 12 73 
92 39 66 56 30 39 85 0 48 42 20 34 3 92 45 83 88 70 81 42 95 38 31 20 26 55 8 62 55 74 83 13 76 95 31 100 52 44 74 29 20 90 42 40 82 35 78 92 29 81 9 90 65 70 18 17 85 18 51 30 22 54 58 14 30 36 24 12 9 84 100 39 51 76 43 37 85 59 58 71 92 2 78 55 34 21 15 20 49 91 79 30 96 19 0 82 38 83 96 29 
4 84 19 31 28 82 13 85 71 21 37 8 67 54 91 39 64 93 77 69 9 86 92 12 23 58 18 26 96 0 84 68 91 68 77 94 49 74 64 98 76 98 24 46 53 43 34 43 29 82 66 31 1 66 94 40 3 12 71 28 23 26 44 12 17 91 26 17 0 36 43 84 66 41 59 100 48 95 5 48 98 24 94 21 78 81 23 17 95 73 68 68 34 30 1 46 18 15 35 83 
41 69 51 88 28 17 34 82 5 25 26 54 31 29 57 99 70 49 42 81 24 7 43 34 28 15 8 51 24 94 64 1 80 7 82 47 53 55 50 4 100 77 70 68 90 55 59 16 13 12 37 96 68 62 60 19 67 7 8 10 32 4 41 27 32 63 73 96 77 17 94 75 88 82 48 77 70 19 54 89 94 91 50 33 20 42 86 23 51 70 37 93 90 76 71 4 38 80 9 36 
55 85 17 90 97 47 86 33 30 33 66 25 21 14 5 99 18 20 40 3 51 18 81 17 92 87 76 39 22 34 57 10 1 52 77 67 50 8 52 60 44 47 57 52 0 2 16 59 56 86 44 25 12 86 75 73 13 95 57 28 38 75 84 30 96 22 52 75 81 32 49 27 46 47 32 11 71 57 62 52 12 82 98 37 37 40 76 72 71 4 76 64 95 18 6 18 14 80 19 9 
44 71 48 51 53 9 91 2 15 50 83 11 42 95 31 92 16 31 21 22 15 83 96 24 96 91 81 83 2 55 63 10 74 11 86 53 22 26 36 32 22 13 50 56 55 75 94 4 60 22 1 33 89 12 9 87 75 46 34 44 77 94 18 13 80 41 19 9 10 88 3 58 39 28 11 99 98 38 64 16 0 69 89 23 33 27 52 37 58 32 14 54 23 61 52 19 46 79 37 33 
54 49 48 34 42 74 12 19 68 14 100 92 18 94 91 33 78 100 29 37 38 8 15 27 80 26 29 79 0 32 46 49 78 35 47 13 4 32 96 44 49 80 79 86 32 93 33 15 87 16 94 54 93 72 51 12 77 17 85 95 13 49 50 39 28 100 3 0 19 12 80 29 88 46 12 91 87 60 34 47 88 49 96 0 87 35 70 78 43 7 58 90 69 10 39 60 94 34 2 87 
74 73 15 67 89 10 12 55 11 37 75 90 86 69 70 50 81 83 11 67 47 57 99 14 74 22 84 38 14 67 74 33 97 75 59 79 96 94 16 82 6 82 87 55 71 89 55 74 31 31 36 77 8 42 96 33 39 68 20 45 23 88 10 70 21 2 55 5 87 39 72 53 17 75 40 43 93 33 25 25 96 61 50 33 88 26 49 22 6 58 19 48 85 45 27 78 60 62 62 3 
39 15 97 38 90 82 72 36 37 61 13 41 44 50 56 79 7 78 58 35 49 62 86 77 84 99 29 31 35 70 95 70 42 20 53 83 0 34 67 75 52 6 28 83 14 39 58 4 51 60 21 48 55 91 44 73 72 82 9 76 40 67 18 49 91 30 16 64 25 62 92 50 20 29 22 37 80 88 32 23 23 10 46 82 46 59 48 28 61 37 79 41 77 59 91 39 13 24 55 59 
41 61 90 86 30 11 60 74 37 25 85 74 50 71 48 55 46 61 91 28 90 0 94 72 63 0 98 77 71 44 34 72 27 51 72 55 99 29 51 43 38 10 24 16 58 88 30 25 66 91 90 46 65 98 8 64 39 92 61 80 7 78 74 22 14 64 56 55 60 49 44 23 21 88 81 20 44 46 11 81 96 53 55 91 51 80 6 40 84 0 26 92 59 36 76 13 55 16 79 21 
88 29 89 67 65 38 100 69 96 94 46 22 34 100 8 100 79 28 14 35 95 10 31 94 20 20 86 99 59 64 71 99 89 0 50 1 94 47 64 56 73 70 98 23 82 98 16 83 78 0 8 13 78 66 79 40 100 81 51 23 32 54 21 14 1 87 32 0 76 47 37 28 68 30 64 81 12 56 17 76 92 25 10 54 17 54 24 50 76 54 41 18 86 43 98 85 34 86 52 25 
30 10 42 62 92 62 63 77 23 5 57 8 16 62 89 35 77 64 92 97 9 35 14 66 62 33 100 85 63 76 91 71 3 50 34 5 0 37 87 87 57 1 97 42 57 73 18 94 0 52 36 34 74 74 73 35 67 36 76 16 81 96 75 16 34 20 72 32 35 73 88 56 41 61 69 39 19 55 92 54 40 3 15 51 44 29 54 33 7 62 88 29 50 10 29 55 97 98 71 65 
64 19 32 82 15 9 5 39 24 65 39 17 34 68 32 95 20 87 70 53 100 57 98 17 56 91 23 47 86 54 4 94 73 34 74 41 64 90 66 63 16 93 30 12 90 27 5 46 15 27 50 64 90 81 52 83 20 56 7 62 34 21 14 12 48 17 52 5 29 29 2 80 90 89 18 21 81 1 63 4 79 26 48 62 69 14 75 60 51 62 15 66 51 89 84 4 12 78 34 62 
76 45 18 32 41 0 53 1 46 18 15 74 1 11 12 87 76 84 91 43 56 100 78 84 64 75 99 92 45 95 75 15 6 53 79 100 83 86 22 81 100 8 43 70 29 80 69 99 18 42 9 94 38 13 86 98 50 68 27 15 2 13 55 13 33 56 6 80 35 8 9 80 95 89 48 59 76 71 25 82 81 47 47 22 50 86 26 70 38 50 54 57 28 88 95 43 98 93 79 14 
40 99 93 33 54 58 85 30 2 85 72 74 81 75 96 66 89 76 79 83 72 99 82 36 38 97 95 84 7 46 48 28 30 89 27 12 28 54 63 40 65 10 57 61 52 63 31 71 43 65 27 40 68 64 8 99 4 56 43 77 91 27 71 26 28 35 4 2 3 60 1 39 80 100 2 75 16 86 17 72 0 41 54 41 50 7 71 34 1 3 69 48 86 68 63 24 87 87 45 20 
28 10 5 32 86 68 54 33 5 29 13 30 20 90 13 11 50 70 15 88 14 11 41 5 90 21 2 12 46 22 54 66 35 67 57 47 79 53 38 31 48 75 29 1 22 75 32 27 15 65 85 86 25 25 2 45 58 94 42 21 27 24 7 86 44 92 41 92 87 84 59 91 79 8 47 59 12 59 50 95 88 27 67 53 7 49 37 95 57 49 86 2 20 80 11 72 1 3 19 43 
75 45 75 38 67 52 67 83 6 23 33 70 96 57 23 78 54 99 71 28 35 22 94 31 40 57 9 10 68 40 4 45 57 97 53 77 1 32 0 79 63 68 39 86 52 39 39 88 3 29 27 35 3 55 38 22 30 18 57 79 87 64 94 22 21 43 73 73 36 78 71 90 63 12 14 41 74 71 55 35 56 65 49 45 63 54 53 50 27 54 15 54 66 72 66 46 59 60 62 24 
45 100 59 45 92 50 87 4 73 14 13 78 12 96 20 88 92 11 17 9 97 32 95 49 15 29 100 91 80 24 85 16 14 26 42 94 92 90 13 14 17 8 10 53 55 77 34 70 50 54 44 97 12 14 31 55 70 95 70 15 52 46 49 12 91 99 24 6 38 99 66 34 69 38 35 17 73 8 2 66 71 4 64 75 59 83 61 99 0 58 93 27 51 76 69 61 59 79 33 23 
78 57 56 36 58 89 9 93 79 5 92 92 75 98 76 74 19 71 82 60 5 90 97 46 10 51 12 69 90 83 37 22 42 29 22 82 51 35 45 71 55 51 12 6 16 15 45 25 82 8 52 27 16 84 64 10 98 76 10 30 38 17 78 93 36 61 5 14 37 89 10 88 65 87 0 67 85 66 16 38 43 63 1 77 78 7 92 45 68 73 51 44 70 11 56 10 6 91 54 4 
23 15 77 19 29 26 91 35 6 78 60 15 43 34 77 2 87 61 29 83 50 89 14 38 53 10 39 57 54 28 60 84 44 6 39 38 55 43 25 4 50 93 53 63 12 89 79 64 96 63 16 14 85 9 49 66 36 66 36 8 61 20 36 59 89 70 8 100 34 8 72 81 24 46 82 66 93 25 8 71 68 91 88 87 38 100 44 62 86 12 97 30 74 30 20 48 34 60 21 71 
9 27 43 91 87 93 80 55 54 62 68 44 5 55 44 53 30 66 16 83 71 66 9 64 19 87 42 14 29 27 47 30 2 37 46 10 1 63 96 5 1 59 51 50 51 65 40 1 28 40 56 6 84 14 84 80 92 22 75 31 95 40 53 0 52 46 69 93 35 55 68 19 78 21 85 12 48 72 2 0 96 98 33 97 15 97 24 85 10 4 9 84 2 87 28 64 82 41 63 48 
41 41 95 31 66 16 67 98 20 17 19 24 88 3 53 59 61 35 42 35 10 19 24 93 95 65 91 57 39 97 74 34 31 84 21 58 90 33 95 35 63 84 36 13 1 49 28 99 93 44 13 24 25 41 75 17 19 66 97 45 46 11 82 27 83 78 93 60 55 87 78 50 99 53 38 27 6 91 72 60 82 90 67 63 71 73 31 2 69 61 64 60 95 7 30 85 0 84 69 100 
63 52 18 4 99 38 24 80 6 47 37 82 32 80 88 88 39 39 70 10 29 5 94 2 97 88 40 26 94 51 0 68 50 58 0 47 64 49 33 15 15 72 70 36 0 80 84 63 48 25 36 82 47 74 18 4 25 67 92 26 38 62 42 65 25 1 46 83 5 59 5 47 23 58 0 71 1 65 72 63 16 62 40 24 18 41 47 54 63 65 56 7 20 35 36 29 77 22 62 89 
62 36 77 5 56 24 51 14 47 69 63 82 51 15 37 11 38 47 33 60 51 59 86 78 85 39 6 45 35 100 27 94 94 58 38 69 22 89 51 22 16 45 74 4 2 71 23 41 33 99 95 63 70 72 65 31 19 9 51 46 65 55 80 82 65 90 37 15 6 84 65 13 27 45 6 74 71 99 71 59 23 17 41 57 74 30 51 8 95 6 29 40 21 2 86 37 15 63 21 55 
85 89 70 89 11 89 3 15 38 32 66 52 46 19 8 20 49 17 92 17 86 64 82 83 82 19 40 80 24 35 90 65 96 76 16 62 65 45 55 25 10 26 64 24 12 55 94 95 24 75 88 17 33 84 32 13 0 34 70 73 36 79 77 40 9 27 61 40 84 29 35 25 1 51 81 52 51 29 41 70 57 32 2 72 50 50 71 52 47 9 82 10 96 62 78 58 18 83 61 9 
28 39 57 50 0 18 83 96 6 69 46 89 29 45 14 65 26 74 96 51 48 84 28 67 71 69 16 63 30 64 8 30 82 59 65 27 4 25 76 39 31 13 58 54 71 66 83 83 100 27 5 25 60 4 68 73 64 14 46 91 37 46 96 84 96 37 40 96 84 52 69 68 20 98 70 86 28 8 65 15 93 84 48 68 58 22 19 8 91 27 83 52 65 22 58 60 10 30 46 44 
8 72 85 94 3 57 34 54 92 86 27 28 100 55 56 43 98 80 42 0 100 76 40 1 97 68 27 42 54 65 69 80 59 41 62 20 76 89 76 34 1 28 11 99 62 25 96 81 46 44 56 57 15 17 91 77 70 1 15 59 88 80 32 50 95 61 15 5 15 97 38 41 66 53 78 36 4 24 52 74 8 49 80 53 74 26 94 62 43 50 46 16 41 19 15 25 20 81 51 14 
13 38 27 38 39 47 44 44 39 25 26 72 63 82 76 67 56 6 73 12 85 1 71 84 8 32 57 32 30 48 26 85 86 11 82 89 3 76 65 64 79 92 80 97 44 33 8 84 89 97 41 22 0 47 91 15 1 74 54 64 51 42 65 89 85 55 82 91 46 2 58 5 17 65 34 71 27 68 1 65 69 45 34 0 58 47 41 92 71 41 56 97 19 48 51 21 52 20 42 8 
61 78 8 84 2 41 35 78 67 40 78 58 53 100 40 60 80 87 35 54 73 33 46 58 39 76 84 32 72 100 49 46 13 21 63 28 44 68 39 48 26 1 73 58 54 58 62 1 87 39 68 69 49 50 83 64 84 29 85 36 45 36 82 62 54 54 64 1 65 63 32 53 67 67 13 63 47 2 4 22 92 11 26 85 77 91 92 81 27 81 20 28 90 1 2 74 32 66 99 43 
7 74 62 35 92 79 43 18 70 10 43 15 78 4 63 52 22 35 40 40 64 30 7 78 83 89 18 45 6 65 81 61 5 51 9 95 77 100 60 27 81 66 43 39 9 76 34 22 99 88 47 63 23 47 27 42 49 85 28 95 38 12 8 9 2 56 84 59 51 91 87 8 31 9 12 12 90 97 32 38 1 51 58 57 34 26 29 61 60 79 59 65 1 70 57 45 87 43 15 53 
87 2 65 25 30 47 7 96 32 10 10 14 41 88 40 4 0 18 40 28 69 71 41 73 18 74 55 36 22 55 10 86 79 0 54 12 96 57 59 89 73 93 100 68 29 32 51 40 88 14 99 8 7 17 79 66 13 74 3 59 27 61 3 36 33 68 100 79 0 86 76 15 6 93 68 51 81 35 60 63 32 82 97 77 17 35 88 87 98 38 37 68 73 26 11 31 7 87 20 49 
12 69 24 62 20 33 21 10 83 56 36 43 25 34 60 47 16 2 93 65 6 90 3 50 74 48 83 6 97 49 28 4 77 0 76 27 76 21 13 96 69 29 69 56 84 54 73 33 73 56 76 87 21 84 93 27 22 86 100 62 76 41 97 75 36 66 33 42 5 94 26 11 14 46 86 93 60 7 95 59 19 77 4 59 92 86 83 65 24 51 74 92 82 37 28 41 9 24 0 95 
75 98 93 41 38 39 55 80 49 13 67 89 60 86 42 6 14 35 96 54 74 57 58 16 11 81 44 7 96 93 30 14 15 8 79 37 41 22 34 34 36 0 27 89 99 80 98 93 19 98 19 33 93 61 42 41 92 51 23 20 32 53 60 51 43 29 45 26 42 61 27 84 9 51 90 83 49 21 34 26 20 47 34 62 100 83 4 94 37 25 35 28 75 72 3 54 7 0 19 17 
100 90 7 8 96 37 23 73 13 30 21 38 42 2 87 4 73 20 80 65 97 73 18 31 27 67 93 12 54 48 25 89 97 48 15 80 45 28 27 80 33 24 0 81 11 53 98 10 74 80 46 64 64 22 82 30 10 2 49 27 6 52 90 32 96 86 87 40 2 22 79 21 53 63 78 72 12 52 55 8 26 89 80 86 84 73 25 67 94 80 4 6 0 7 93 31 77 67 12 64 
50 84 98 0 83 18 80 23 22 31 43 47 79 15 29 64 23 42 26 18 33 46 60 52 2 88 13 64 54 5 95 19 26 43 11 80 90 87 43 19 72 80 1 58 91 65 36 53 33 99 57 35 57 54 60 61 39 45 46 47 36 53 25 31 30 62 50 29 73 33 95 25 47 73 62 69 88 77 89 55 58 78 19 58 57 91 57 63 56 29 74 44 55 6 17 78 20 83 66 33 
81 37 0 74 41 5 53 69 61 19 50 5 80 55 7 37 28 3 77 63 97 32 92 33 82 70 88 14 81 97 69 64 80 43 76 77 62 75 39 29 59 0 85 49 59 75 19 46 46 21 73 32 90 4 90 82 64 19 32 65 33 41 86 91 57 94 85 57 5 64 54 56 92 19 47 18 51 38 25 36 0 35 86 69 66 94 76 48 99 55 13 17 78 65 53 4 22 49 17 50 
88 66 68 47 49 36 86 62 56 96 59 48 73 36 43 86 89 72 28 34 32 19 4 99 8 44 69 42 49 10 57 82 75 73 45 94 52 81 13 76 63 62 81 17 25 53 100 27 42 5 84 47 52 8 40 27 64 70 12 100 45 46 76 80 35 57 46 27 36 64 57 84 60 96 4 54 12 43 98 41 44 39 90 79 45 93 59 85 62 62 22 86 59 45 83 16 67 14 28 49 
82 79 60 73 60 32 49 74 7 11 53 80 5 83 2 0 59 12 94 68 70 37 18 58 92 8 72 92 65 97 16 97 40 58 4 62 77 79 40 20 84 84 99 42 71 82 8 6 63 74 80 23 0 15 2 58 43 84 65 36 74 47 94 18 3 19 85 47 67 81 44 65 8 55 6 69 72 80 60 82 90 51 81 28 18 24 39 47 49 75 49 33 4 11 9 38 29 42 82 24 
44 24 68 84 59 85 5 57 13 68 89 57 73 66 11 13 5 66 64 51 70 70 60 15 18 74 24 72 77 76 76 47 96 72 95 65 78 47 78 76 21 51 58 84 84 27 75 1 57 84 77 17 88 20 22 98 84 82 48 71 17 5 86 24 0 34 90 78 26 42 34 7 56 69 69 92 13 73 61 21 37 55 50 42 29 39 37 25 93 91 97 86 42 22 61 97 31 88 56 61 
57 68 50 36 57 100 57 6 87 95 11 24 73 28 51 51 91 41 79 0 62 6 89 86 89 85 90 75 63 16 51 96 59 21 53 5 32 84 40 17 87 30 82 35 53 88 49 99 14 19 9 61 23 79 24 40 16 85 23 7 52 10 48 16 42 83 6 2 83 89 16 43 71 29 73 86 1 7 89 35 91 27 53 57 66 91 30 14 38 36 16 62 85 4 86 0 67 32 76 19 
24 30 91 85 59 21 93 6 23 99 12 60 69 32 60 50 86 32 61 73 45 41 33 73 32 44 61 54 59 47 34 34 50 87 94 17 8 78 85 49 4 88 100 91 83 15 57 74 55 85 3 30 45 71 27 56 2 100 10 74 19 6 76 45 23 11 32 29 89 17 89 14 33 71 64 91 82 57 92 79 72 67 76 32 69 75 100 94 3 5 97 48 0 78 71 54 94 17 68 18 
74 19 15 83 85 75 34 80 41 52 48 18 50 63 80 16 39 61 67 33 39 55 76 32 23 78 73 88 57 81 67 100 12 40 17 85 35 68 31 40 40 36 58 16 36 77 5 37 18 3 62 83 0 76 92 32 20 12 34 85 60 3 6 25 83 14 40 75 36 70 57 9 91 85 92 89 17 38 39 15 8 59 18 20 41 67 63 36 76 64 73 50 48 11 65 57 90 40 9 56 
1 84 87 61 35 77 39 5 45 98 100 48 68 25 57 88 44 29 68 79 64 100 3 40 36 25 21 75 71 74 48 0 83 2 64 80 39 62 3 89 57 93 14 45 37 69 19 13 22 29 48 51 39 25 39 9 60 67 54 84 100 35 48 52 23 25 90 67 17 3 72 28 96 34 61 0 84 58 1 44 53 4 74 79 82 65 8 4 30 74 44 58 1 19 53 40 71 15 7 68 
90 41 33 69 36 92 29 34 73 89 81 8 68 12 67 45 16 86 47 80 98 63 14 42 30 99 32 79 0 83 39 80 28 2 56 77 83 68 60 4 40 1 36 55 11 14 51 66 34 41 19 67 100 80 62 42 17 37 11 50 18 51 51 97 35 56 56 23 33 70 8 38 92 35 87 93 19 96 50 22 11 45 91 65 72 70 63 86 58 29 6 25 20 97 64 75 44 34 40 29 
46 44 66 88 53 4 99 77 75 76 48 51 94 6 15 49 80 1 77 59 87 95 22 68 91 88 17 78 28 47 95 60 72 33 80 43 32 6 71 24 10 48 1 91 24 0 81 28 47 6 39 49 72 18 96 86 92 1 87 7 55 21 57 7 53 56 4 0 24 24 21 73 90 58 100 95 16 5 38 2 34 75 98 13 76 10 55 14 57 80 44 29 83 49 40 2 50 71 53 80 
18 41 90 29 45 54 56 88 59 19 57 28 6 15 2 11 4 31 97 65 74 92 87 58 86 7 36 59 51 75 50 72 75 100 13 100 60 70 98 29 35 63 25 36 11 36 93 40 31 45 25 76 11 14 35 84 53 20 9 20 61 55 48 73 22 41 32 17 1 41 28 26 22 0 3 37 71 61 13 31 50 28 34 14 22 4 79 72 2 16 62 95 52 67 38 53 88 72 35 88 
10 89 61 80 33 50 17 50 6 51 1 67 52 39 42 23 2 43 33 28 65 41 35 67 64 22 19 42 71 23 44 8 36 11 61 4 46 26 53 100 5 83 40 43 8 14 32 83 15 12 52 78 70 60 84 19 49 13 51 17 10 80 1 48 15 12 25 8 11 35 20 8 33 88 68 22 48 22 2 81 46 78 68 76 18 56 41 82 34 45 50 30 65 29 61 3 14 27 100 39 
89 46 6 63 39 51 10 27 23 26 78 23 70 0 86 80 94 43 29 85 13 82 58 24 91 16 35 66 59 48 73 72 92 91 25 5 100 36 9 83 9 13 98 69 43 39 22 39 63 72 52 25 88 23 16 43 68 24 45 1 56 56 44 10 59 89 31 36 21 19 85 6 51 22 1 60 98 11 7 37 50 25 96 79 77 66 32 17 15 26 51 16 47 27 13 42 67 20 13 34 
50 41 80 11 74 41 87 38 32 60 66 4 8 12 70 1 97 40 30 27 95 53 50 15 15 23 80 17 79 65 98 6 77 16 35 95 91 18 42 1 78 22 82 70 5 7 25 100 38 60 75 8 94 62 69 66 98 38 93 13 27 32 68 27 81 99 100 24 58 33 48 30 19 100 14 18 58 0 48 45 43 23 58 4 8 55 67 79 66 25 96 72 87 51 15 65 99 36 52 16 
12 95 45 59 25 100 50 50 64 49 96 24 6 5 21 64 15 36 21 19 30 11 89 3 11 47 21 96 30 35 43 35 38 6 7 74 4 58 9 2 39 4 40 51 47 57 96 79 2 53 41 25 39 85 91 24 78 94 10 47 58 29 41 85 48 23 37 90 13 11 0 62 20 73 18 77 16 10 90 53 69 14 57 29 28 89 43 42 81 65 35 88 36 92 56 72 14 100 2 58 
36 41 80 80 20 22 76 42 59 51 76 13 12 45 89 20 21 30 36 100 15 40 95 60 77 31 88 20 87 84 77 19 19 6 35 98 57 45 96 77 50 38 47 100 31 18 60 56 37 6 12 91 48 19 42 50 75 73 35 35 3 58 18 43 75 59 63 35 46 55 9 70 98 84 25 37 13 38 75 91 23 29 23 33 66 96 13 79 20 10 61 72 20 18 94 30 52 90 33 81 
82 62 37 16 69 43 10 77 27 48 94 6 72 79 29 11 25 43 78 40 96 19 80 36 83 26 69 79 19 77 83 93 13 11 10 98 70 4 30 99 55 63 59 67 19 2 51 9 29 97 44 67 4 75 81 26 78 32 44 29 68 20 70 29 55 41 70 70 79 25 55 48 76 17 65 37 34 44 14 58 61 47 11 9 45 42 79 42 35 96 78 66 68 49 87 35 90 28 63 10 
45 52 83 17 55 27 91 52 11 90 74 39 48 63 45 90 39 67 28 18 33 6 46 92 43 89 39 6 52 56 27 66 10 67 50 45 91 10 99 8 79 85 22 43 52 75 70 69 47 90 35 87 78 95 31 74 99 37 5 60 52 5 43 23 89 49 73 58 66 41 62 86 48 29 34 33 0 59 9 49 13 47 48 78 86 85 40 85 94 30 0 68 96 34 80 22 35 82 74 21 
37 67 79 54 59 42 54 88 28 59 47 53 76 8 17 3 12 22 42 47 88 48 32 81 76 24 83 6 13 90 21 31 92 41 22 50 91 67 44 68 92 44 4 92 71 74 63 58 41 95 60 54 67 28 31 16 7 2 91 45 31 16 54 6 15 53 66 54 80 93 72 75 54 86 10 5 46 67 8 32 18 78 45 81 78 73 43 12 40 60 83 88 57 87 41 43 79 94 62 57 
91 93 23 78 100 40 35 91 11 51 84 38 83 22 28 89 30 40 66 5 79 4 34 49 100 89 6 38 84 19 21 61 72 90 12 31 35 96 3 85 58 39 4 4 86 21 56 52 6 51 70 98 41 71 76 70 35 61 33 54 93 13 12 81 3 41 9 96 26 34 19 74 82 34 64 14 35 40 77 77 6 97 27 30 86 49 78 47 98 22 99 19 73 52 5 99 77 85 30 49 
80 71 69 68 12 53 77 62 63 43 13 73 63 9 3 51 0 66 63 20 30 17 14 30 0 10 88 42 89 3 11 87 49 77 4 88 59 13 2 83 58 42 26 100 61 58 100 16 56 46 50 22 5 73 70 15 98 27 96 29 66 27 67 3 25 75 92 69 95 15 23 55 31 53 20 49 34 71 96 95 34 18 41 58 9 14 99 77 18 45 53 39 85 41 36 38 24 2 74 87 
68 29 44 16 95 42 8 39 33 24 93 15 20 48 40 14 76 4 55 50 7 99 79 55 56 93 69 43 82 11 70 7 72 72 15 70 54 19 68 28 54 35 20 87 78 98 51 17 89 19 17 11 42 5 30 39 73 30 99 82 67 61 69 98 52 50 14 17 25 24 48 38 21 71 14 77 96 100 63 50 3 85 47 1 11 70 5 75 26 70 96 15 59 47 97 26 70 79 87 38 
18 18 21 56 10 58 66 31 27 59 58 72 22 98 61 78 46 7 62 46 64 9 34 61 88 59 94 87 35 79 64 64 75 79 76 10 31 95 96 12 76 87 69 97 45 67 83 94 5 80 87 50 19 19 9 14 98 23 99 24 78 17 57 58 63 50 96 22 88 55 31 26 34 34 72 25 25 45 66 33 86 48 57 97 38 69 49 59 54 61 25 16 24 62 8 90 10 87 86 59 
65 36 96 41 55 90 13 69 61 61 91 71 31 48 91 40 12 4 77 55 89 3 66 17 51 21 73 69 1 21 95 55 69 10 29 9 33 35 28 43 78 48 34 58 2 88 78 6 37 69 55 69 13 18 25 66 73 44 59 57 52 29 99 11 33 16 21 16 13 70 4 68 81 53 30 7 47 39 24 46 39 85 63 17 96 39 45 72 88 24 85 30 91 77 26 86 97 32 50 24 
87 78 82 94 46 2 75 93 62 63 0 71 39 69 21 66 11 85 38 27 38 9 76 22 77 55 15 26 19 67 11 81 21 51 31 86 19 43 91 75 90 94 12 11 25 26 64 48 25 12 47 64 90 50 84 18 25 88 98 11 61 51 11 14 99 89 75 21 90 51 81 12 76 40 26 59 14 95 21 95 19 8 75 74 16 44 13 16 47 18 72 92 15 35 40 98 87 96 91 91 
73 20 78 15 5 83 86 88 56 15 15 76 86 58 89 20 38 12 2 31 92 91 57 17 30 61 93 23 0 82 40 22 88 74 34 16 27 98 38 58 18 1 16 56 30 12 69 0 15 57 81 49 30 36 35 62 31 59 81 78 74 13 63 53 41 90 88 89 21 71 30 13 31 96 1 21 74 14 69 46 30 82 77 55 97 16 0 10 78 21 93 64 99 4 52 14 68 6 25 45 
24 32 2 100 68 6 17 76 0 17 85 66 21 93 96 78 54 85 17 74 100 20 79 84 54 73 40 92 41 5 46 98 26 81 41 11 10 36 38 83 54 69 83 83 30 72 40 53 57 73 29 25 9 6 56 20 75 35 22 23 77 72 88 66 49 33 16 71 59 73 92 83 19 8 79 2 24 100 18 49 86 82 88 31 47 92 62 21 96 53 20 98 75 20 6 49 78 53 33 62 
30 15 13 85 41 27 72 80 39 46 34 57 29 81 9 91 7 82 74 46 35 97 95 71 52 40 27 55 64 99 98 95 47 41 0 91 69 76 57 53 28 35 43 4 85 18 84 64 33 51 12 15 17 55 12 6 98 9 19 25 70 58 5 38 100 49 19 55 92 87 28 25 21 73 52 95 29 100 84 96 25 87 26 79 57 10 74 15 69 28 86 98 97 50 86 70 73 27 54 48 
78 26 60 67 73 57 73 47 66 3 31 56 98 95 40 89 20 90 81 16 76 12 55 27 32 29 5 14 13 77 23 41 55 51 55 27 15 7 99 100 54 31 100 5 96 59 13 31 88 27 25 52 79 52 77 56 52 23 70 1 57 6 92 35 69 95 22 51 99 38 85 27 42 25 0 75 27 81 85 68 54 47 15 55 54 3 59 85 30 27 61 66 98 84 97 2 57 21 23 38 
79 83 65 85 17 43 80 50 99 26 38 91 43 42 60 90 21 37 53 61 12 7 91 29 3 42 2 8 56 32 75 15 1 28 44 80 10 72 31 77 79 80 37 91 74 25 60 83 55 99 5 47 73 46 11 15 54 30 23 11 69 42 57 54 74 14 1 37 59 36 73 34 94 87 91 58 46 81 7 16 77 58 20 36 12 11 47 60 87 54 14 100 18 92 89 38 57 19 28 7 
72 8 28 36 58 83 65 9 12 65 82 91 66 85 3 19 65 13 12 34 14 3 35 59 74 49 60 14 18 97 62 5 71 73 100 13 61 64 71 11 7 70 72 18 90 28 3 75 26 81 1 60 86 83 66 40 96 34 81 80 80 69 69 53 42 19 25 39 81 12 46 89 52 35 49 58 49 36 35 74 10 7 98 95 79 90 6 95 28 42 6 20 3 56 49 20 99 7 84 96 
22 55 88 85 35 87 16 33 7 44 76 52 32 87 0 59 50 20 99 81 15 18 19 18 46 11 83 46 84 2 94 61 23 70 23 32 91 33 98 40 8 15 43 25 85 72 16 27 14 68 52 38 19 33 80 94 46 57 82 66 57 45 41 58 86 48 66 29 84 33 68 23 87 41 99 97 30 7 80 32 23 76 44 35 18 30 16 70 76 25 29 66 4 20 65 94 92 51 56 71 
14 18 51 68 69 71 1 13 71 88 68 2 13 52 30 58 1 5 27 88 20 98 45 79 13 94 64 33 11 24 65 90 34 26 81 26 82 65 72 80 7 59 16 69 30 15 83 3 70 74 83 60 64 47 4 88 99 71 77 30 54 69 75 55 62 90 36 12 53 68 41 97 11 19 1 58 19 15 44 80 85 46 37 83 2 10 69 77 80 86 34 91 43 84 64 20 48 22 61 31 
78 20 8 13 36 82 94 62 43 48 62 94 74 51 93 8 52 57 37 43 9 34 91 42 13 6 7 20 27 13 47 42 93 11 82 15 1 29 36 16 36 18 25 58 87 9 0 15 63 96 29 51 55 45 10 49 57 56 94 24 9 8 61 26 3 1 14 61 22 24 21 48 97 34 89 2 72 90 53 34 11 70 85 58 68 18 16 98 17 23 98 15 38 30 13 90 60 29 41 43 
54 85 68 75 42 100 7 46 11 34 91 37 88 66 38 53 78 94 20 15 100 2 23 86 56 90 30 22 76 87 65 31 39 37 78 19 10 70 4 52 84 55 54 93 22 98 41 7 3 83 40 41 51 95 10 71 74 56 82 54 91 69 55 50 10 12 75 79 22 94 97 43 89 76 38 17 32 3 43 20 1 13 64 14 27 44 100 35 31 68 38 58 3 50 66 53 61 12 70 90 
10 15 8 15 18 94 79 32 60 38 57 15 19 68 49 46 87 90 45 83 41 10 72 79 5 5 22 26 56 64 74 52 9 47 66 58 53 67 92 7 37 42 5 1 37 29 19 69 35 41 56 73 17 68 84 41 66 52 26 34 46 4 75 49 83 34 32 18 17 43 33 66 65 45 16 20 99 96 52 16 63 67 20 21 100 62 28 84 41 20 12 7 2 10 54 94 39 17 99 20 
14 47 2 5 98 52 59 27 4 75 81 79 42 46 46 1 96 47 92 64 61 18 14 69 50 12 0 80 65 51 43 0 41 74 52 4 35 42 68 99 18 58 40 15 8 38 51 92 35 14 72 60 43 100 41 59 60 51 79 77 79 18 36 41 67 40 14 25 81 93 44 11 94 42 33 92 35 30 95 30 52 17 83 90 47 80 72 44 50 45 5 93 27 3 8 45 82 11 53 100 
89 86 36 84 53 66 95 92 13 79 79 67 5 39 59 61 77 12 87 82 31 57 100 71 30 64 59 30 64 69 36 39 6 29 42 56 54 61 63 65 32 54 92 5 94 18 49 46 80 52 75 37 75 14 38 94 66 18 72 51 10 39 47 51 3 49 21 12 33 83 72 51 95 48 100 80 94 98 94 45 79 40 87 96 93 87 67 5 33 69 98 40 57 87 73 29 99 30 84 31 
5 31 86 84 45 5 14 27 37 82 62 22 68 42 35 68 100 54 75 33 54 74 77 68 78 13 56 44 50 10 60 63 13 79 85 74 8 53 26 0 53 57 30 59 14 97 94 83 14 82 25 98 3 70 18 34 50 97 54 57 25 76 17 91 52 71 10 2 91 54 49 65 42 23 84 51 28 73 67 9 12 11 33 7 3 71 24 59 14 30 58 85 26 37 89 93 68 69 14 51 
31 77 71 1 31 38 2 58 97 18 10 54 100 52 92 51 29 60 64 83 57 48 85 44 42 60 38 83 71 76 25 35 83 92 40 3 36 52 39 6 95 47 88 54 34 92 69 34 98 33 72 100 4 4 82 77 37 66 32 23 33 2 0 4 74 26 12 43 56 79 91 5 55 55 88 98 38 20 48 24 94 57 38 43 22 8 11 96 37 89 88 54 55 33 87 40 47 65 21 64 
21 93 70 18 63 88 22 6 39 22 40 90 44 64 47 59 35 50 79 84 39 96 75 75 99 24 30 85 34 41 12 66 99 69 93 58 10 42 89 76 55 17 46 38 60 72 0 11 45 21 60 4 98 23 76 3 76 6 18 6 76 94 53 77 39 42 96 30 96 3 92 92 77 49 18 28 96 98 36 35 37 18 70 89 40 27 43 97 6 67 65 88 67 17 14 81 49 59 70 59 
5 85 92 60 63 65 55 97 47 0 31 19 67 36 60 53 9 63 95 45 36 51 51 92 26 41 22 47 22 8 39 98 53 91 19 71 91 14 28 6 42 83 70 50 48 46 35 46 5 80 95 82 3 35 50 53 37 62 67 20 81 39 68 7 72 40 36 33 82 82 36 22 100 41 82 54 44 76 89 3 12 49 17 98 34 6 89 70 21 44 34 78 33 21 51 93 41 30 60 73 
34 79 13 83 44 1 67 43 55 40 31 93 95 55 87 1 58 95 48 64 10 1 38 27 36 71 1 66 62 69 18 10 35 11 54 10 99 66 5 67 73 28 49 97 58 46 66 30 67 79 43 4 22 74 11 18 26 87 38 3 20 84 81 95 69 32 91 45 34 91 8 67 66 89 61 65 59 56 8 13 42 33 4 63 87 61 86 70 70 100 15 79 11 48 71 93 22 57 94 1 
